x y
-1.000000 2.000000
-0.997174 1.997810
-0.994329 1.995620
-0.991463 1.993431
-0.988577 1.991243
-0.985671 1.989055
-0.982744 1.986869
-0.979797 1.984684
-0.976828 1.982501
-0.973838 1.980319
-0.970827 1.978140
-0.967794 1.975963
-0.964739 1.973788
-0.961662 1.971616
-0.958562 1.969447
-0.955440 1.967282
-0.952295 1.965120
-0.949127 1.962962
-0.945936 1.960808
-0.942721 1.958658
-0.939483 1.956514
-0.936221 1.954374
-0.932935 1.952240
-0.929624 1.950112
-0.926289 1.947990
-0.922930 1.945875
-0.919545 1.943766
-0.916135 1.941665
-0.912700 1.939571
-0.909240 1.937486
-0.905754 1.935409
-0.902242 1.933341
-0.898704 1.931282
-0.895140 1.929234
-0.891550 1.927196
-0.887934 1.925168
-0.884290 1.923152
-0.880621 1.921148
-0.876924 1.919156
-0.873201 1.917177
-0.869450 1.915211
-0.865672 1.913260
-0.861868 1.911323
-0.858036 1.909401
-0.854177 1.907494
-0.850290 1.905604
-0.846377 1.903731
-0.842436 1.901876
-0.838467 1.900038
-0.834472 1.898220
-0.830449 1.896421
-0.826400 1.894642
-0.822323 1.892883
-0.818219 1.891146
-0.814089 1.889432
-0.809932 1.887740
-0.805749 1.886071
-0.801539 1.884427
-0.797304 1.882808
-0.793042 1.881214
-0.788756 1.879646
-0.784444 1.878106
-0.780107 1.876593
-0.775746 1.875109
-0.771361 1.873653
-0.766952 1.872228
-0.762520 1.870833
-0.758065 1.869469
-0.753588 1.868136
-0.749089 1.866837
-0.744569 1.865570
-0.740029 1.864338
-0.735468 1.863139
-0.730888 1.861976
-0.726289 1.860848
-0.721672 1.859757
-0.717038 1.858702
-0.712387 1.857685
-0.707721 1.856705
-0.703039 1.855764
-0.698343 1.854861
-0.693634 1.853997
-0.688912 1.853173
-0.684178 1.852389
-0.679434 1.851645
-0.674679 1.850942
-0.669916 1.850279
-0.665144 1.849658
-0.660365 1.849078
-0.655580 1.848540
-0.650790 1.848043
-0.645995 1.847588
-0.641196 1.847174
-0.636395 1.846803
-0.631593 1.846474
-0.626790 1.846186
-0.621988 1.845940
-0.617186 1.845736
-0.612387 1.845573
-0.607591 1.845452
-0.602799 1.845372
-0.598012 1.845332
-0.593231 1.845334
-0.588457 1.845376
-0.583690 1.845458
-0.578932 1.845579
-0.574183 1.845741
-0.569443 1.845940
-0.564715 1.846179
-0.559998 1.846455
-0.555294 1.846770
-0.550602 1.847121
-0.545924 1.847509
-0.541260 1.847933
-0.536612 1.848392
-0.531979 1.848887
-0.527362 1.849416
-0.522761 1.849978
-0.518178 1.850574
-0.513613 1.851203
-0.509066 1.851864
-0.504538 1.852556
-0.500028 1.853278
-0.495539 1.854032
-0.491069 1.854814
-0.486619 1.855626
-0.482190 1.856466
-0.477782 1.857333
-0.473395 1.858228
-0.469029 1.859149
-0.464686 1.860096
-0.460364 1.861068
-0.456064 1.862064
-0.451786 1.863085
-0.447531 1.864128
-0.443299 1.865195
-0.439089 1.866284
-0.434902 1.867394
-0.430738 1.868525
-0.426597 1.869677
-0.422480 1.870849
-0.418385 1.872039
-0.414313 1.873249
-0.410265 1.874477
-0.406240 1.875722
-0.402238 1.876985
-0.398259 1.878264
-0.394303 1.879560
-0.390370 1.880871
-0.386460 1.882197
-0.382574 1.883539
-0.378710 1.884894
-0.374869 1.886263
-0.371051 1.887646
-0.367256 1.889041
-0.363483 1.890449
-0.359732 1.891869
-0.356004 1.893301
-0.352298 1.894744
-0.348615 1.896198
-0.344953 1.897662
-0.341313 1.899137
-0.337695 1.900622
-0.334099 1.902116
-0.330524 1.903619
-0.326970 1.905131
-0.323438 1.906652
-0.319926 1.908180
-0.316436 1.909717
-0.312966 1.911261
-0.309517 1.912812
-0.306088 1.914371
-0.302679 1.915936
-0.299291 1.917508
-0.295922 1.919085
-0.292573 1.920669
-0.289244 1.922259
-0.285935 1.923854
-0.282644 1.925454
-0.279373 1.927059
-0.276120 1.928669
-0.272887 1.930284
-0.269672 1.931903
-0.266475 1.933526
-0.263297 1.935153
-0.260137 1.936784
-0.256995 1.938419
-0.253870 1.940057
-0.250764 1.941698
-0.247675 1.943342
-0.244603 1.944989
-0.241548 1.946639
-0.238510 1.948292
-0.235489 1.949947
-0.232485 1.951604
-0.229497 1.953264
-0.226526 1.954925
-0.223571 1.956589
-0.220632 1.958254
-0.217709 1.959921
-0.214801 1.961589
-0.211910 1.963259
-0.209033 1.964930
-0.206172 1.966602
-0.203327 1.968275
-0.200496 1.969949
-0.197680 1.971624
-0.194879 1.973300
-0.192092 1.974977
-0.189320 1.976654
-0.186563 1.978331
-0.183819 1.980009
-0.181090 1.981688
-0.178374 1.983366
-0.175672 1.985045
-0.172984 1.986723
-0.170309 1.988402
-0.167648 1.990080
-0.165000 1.991759
-0.162365 1.993437
-0.159744 1.995115
-0.157135 1.996792
-0.154539 1.998469
-0.151955 2.000146
-0.149384 2.001822
-0.146826 2.003498
-0.144280 2.005173
-0.141746 2.006847
-0.139224 2.008520
-0.136714 2.010193
-0.134216 2.011864
-0.131730 2.013535
-0.129255 2.015205
-0.126792 2.016874
-0.124340 2.018542
-0.121899 2.020209
-0.119470 2.021874
-0.117052 2.023539
-0.114645 2.025202
-0.112249 2.026864
-0.109863 2.028525
-0.107489 2.030185
-0.105125 2.031843
-0.102771 2.033500
-0.100428 2.035155
-0.098095 2.036809
-0.095772 2.038462
-0.093460 2.040113
-0.091158 2.041763
-0.088865 2.043411
-0.086583 2.045057
-0.084310 2.046702
-0.082047 2.048346
-0.079794 2.049988
-0.077550 2.051628
-0.075315 2.053266
-0.073090 2.054903
-0.070875 2.056538
-0.068668 2.058171
-0.066471 2.059803
-0.064282 2.061432
-0.062103 2.063060
-0.059933 2.064687
-0.057771 2.066311
-0.055618 2.067933
-0.053474 2.069554
-0.051338 2.071173
-0.049211 2.072790
-0.047093 2.074405
-0.044983 2.076018
-0.042881 2.077630
-0.040787 2.079239
-0.038702 2.080846
-0.036624 2.082452
-0.034555 2.084056
-0.032494 2.085657
-0.030440 2.087257
-0.028395 2.088855
-0.026357 2.090450
-0.024327 2.092044
-0.022305 2.093636
-0.020290 2.095225
-0.018283 2.096813
-0.016283 2.098399
-0.014291 2.099982
-0.012306 2.101564
-0.010328 2.103143
-0.008358 2.104721
-0.006395 2.106296
-0.004439 2.107870
-0.002490 2.109441
-0.000548 2.111010
0.001387 2.112578
0.003315 2.114143
0.005236 2.115706
0.007151 2.117267
0.009058 2.118826
0.010959 2.120383
0.012853 2.121937
0.014741 2.123490
0.016622 2.125041
0.018497 2.126589
0.020365 2.128136
0.022226 2.129680
0.024082 2.131222
0.025931 2.132762
0.027773 2.134300
0.029610 2.135836
0.031440 2.137370
0.033264 2.138902
0.035082 2.140431
0.036895 2.141959
0.038701 2.143485
0.040501 2.145008
0.042295 2.146529
0.044083 2.148048
0.045866 2.149565
0.047642 2.151080
0.049413 2.152593
0.051178 2.154104
0.052938 2.155613
0.054692 2.157120
0.056440 2.158624
0.058183 2.160127
0.059920 2.161627
0.061652 2.163125
0.063378 2.164622
0.065099 2.166116
0.066815 2.167608
0.068525 2.169098
0.070230 2.170586
0.071930 2.172072
0.073624 2.173556
0.075314 2.175037
0.076998 2.176517
0.078677 2.177995
0.080351 2.179470
0.082020 2.180944
0.083684 2.182415
0.085343 2.183885
0.086997 2.185352
0.088646 2.186818
0.090290 2.188281
0.091930 2.189742
0.093564 2.191202
0.095194 2.192659
0.096819 2.194114
0.098439 2.195567
0.100055 2.197019
0.101666 2.198468
0.103272 2.199915
0.104874 2.201360
0.106471 2.202803
0.108064 2.204244
0.109652 2.205684
0.111236 2.207121
0.112815 2.208556
0.114389 2.209989
0.115960 2.211421
0.117526 2.212850
0.119087 2.214277
0.120645 2.215702
0.122198 2.217126
0.123746 2.218547
0.125291 2.219967
0.126831 2.221384
0.128367 2.222800
0.129899 2.224213
0.131427 2.225625
0.132950 2.227035
0.134470 2.228443
0.135985 2.229849
0.137497 2.231253
0.139004 2.232655
0.140508 2.234055
0.142007 2.235453
0.143503 2.236850
0.144994 2.238244
0.146482 2.239637
0.147966 2.241027
0.149446 2.242416
0.150922 2.243803
0.152394 2.245188
0.153863 2.246571
0.155328 2.247952
0.156789 2.249332
0.158246 2.250709
0.159700 2.252085
0.161150 2.253459
0.162596 2.254831
0.164038 2.256201
0.165477 2.257570
0.166913 2.258936
0.168345 2.260301
0.169773 2.261664
0.171198 2.263025
0.172619 2.264384
0.174037 2.265741
0.175451 2.267097
0.176862 2.268451
0.178269 2.269803
0.179673 2.271153
0.181074 2.272501
0.182471 2.273848
0.183865 2.275193
0.185255 2.276536
0.186642 2.277877
0.188026 2.279217
0.189407 2.280555
0.190784 2.281891
0.192158 2.283225
0.193529 2.284558
0.194896 2.285889
0.196260 2.287218
0.197622 2.288545
0.198980 2.289871
0.200334 2.291195
0.201686 2.292517
0.203035 2.293837
0.204380 2.295156
0.205722 2.296473
0.207062 2.297788
0.208398 2.299102
0.209731 2.300414
0.211061 2.301724
0.212389 2.303033
0.213713 2.304340
0.215034 2.305645
0.216352 2.306948
0.217667 2.308250
0.218980 2.309551
0.220289 2.310849
0.221596 2.312146
0.222899 2.313441
0.224200 2.314735
0.225498 2.316027
0.226793 2.317317
0.228085 2.318606
0.229375 2.319893
0.230661 2.321179
0.231945 2.322462
0.233226 2.323745
0.234504 2.325025
0.235780 2.326304
0.237053 2.327582
0.238323 2.328858
0.239590 2.330132
0.240855 2.331404
0.242117 2.332675
0.243376 2.333945
0.244633 2.335213
0.245887 2.336479
0.247138 2.337744
0.248387 2.339007
0.249633 2.340269
0.250877 2.341529
0.252118 2.342787
0.253356 2.344044
0.254592 2.345300
0.255825 2.346554
0.257056 2.347806
0.258285 2.349057
0.259510 2.350306
0.260734 2.351554
0.261954 2.352800
0.263173 2.354045
0.264389 2.355288
0.265602 2.356530
0.266813 2.357770
0.268021 2.359009
0.269228 2.360246
0.270431 2.361482
0.271633 2.362716
0.272832 2.363949
0.274028 2.365180
0.275222 2.366410
0.276414 2.367639
0.277604 2.368865
0.278791 2.370091
0.279976 2.371315
0.281158 2.372537
0.282339 2.373758
0.283516 2.374978
0.284692 2.376196
0.285866 2.377413
0.287037 2.378628
0.288206 2.379842
0.289372 2.381055
0.290537 2.382266
0.291699 2.383475
0.292859 2.384683
0.294017 2.385890
0.295172 2.387095
0.296326 2.388299
0.297477 2.389502
0.298626 2.390703
0.299773 2.391903
0.300918 2.393101
0.302061 2.394298
0.303201 2.395494
0.304340 2.396688
0.305476 2.397881
0.306610 2.399072
0.307743 2.400262
0.308873 2.401451
0.310001 2.402638
0.311127 2.403824
0.312250 2.405009
0.313372 2.406192
0.314492 2.407374
0.315610 2.408555
0.316726 2.409734
0.317839 2.410912
0.318951 2.412089
0.320061 2.413264
0.321169 2.414438
0.322275 2.415611
0.323378 2.416782
0.324480 2.417952
0.325580 2.419121
0.326678 2.420288
0.327774 2.421454
0.328868 2.422619
0.329960 2.423782
0.331051 2.424944
0.332139 2.426105
0.333226 2.427265
0.334310 2.428423
0.335393 2.429580
0.336474 2.430736
0.337553 2.431890
0.338630 2.433043
0.339705 2.434195
0.340778 2.435346
0.341850 2.436495
0.342920 2.437643
0.343987 2.438790
0.345054 2.439936
0.346118 2.441080
0.347180 2.442223
0.348241 2.443365
0.349300 2.444506
0.350357 2.445645
0.351412 2.446783
0.352466 2.447920
0.353518 2.449056
0.354568 2.450190
0.355616 2.451323
0.356663 2.452455
0.357707 2.453586
0.358750 2.454716
0.359792 2.455844
0.360831 2.456971
0.361869 2.458097
0.362906 2.459222
0.363940 2.460346
0.364973 2.461468
0.366004 2.462589
0.367034 2.463709
0.368062 2.464828
0.369088 2.465945
0.370112 2.467062
0.371135 2.468177
0.372157 2.469291
0.373176 2.470404
0.374194 2.471516
0.375210 2.472626
0.376225 2.473736
0.377238 2.474844
0.378250 2.475951
0.379260 2.477057
0.380268 2.478162
0.381275 2.479266
0.382280 2.480368
0.383283 2.481469
0.384285 2.482570
0.385286 2.483669
0.386285 2.484767
0.387282 2.485863
0.388278 2.486959
0.389272 2.488054
0.390265 2.489147
0.391256 2.490239
0.392245 2.491331
0.393234 2.492421
0.394220 2.493510
0.395205 2.494598
0.396189 2.495684
0.397171 2.496770
0.398151 2.497855
0.399130 2.498938
0.400108 2.500020
0.401084 2.501102
0.402059 2.502182
0.403032 2.503261
0.404004 2.504339
0.404974 2.505416
0.405943 2.506492
0.406910 2.507566
0.407876 2.508640
0.408840 2.509713
0.409803 2.510784
0.410765 2.511855
0.411725 2.512924
0.412684 2.513992
0.413641 2.515060
0.414597 2.516126
0.415552 2.517191
0.416505 2.518255
0.417457 2.519318
0.418407 2.520380
0.419356 2.521441
0.420303 2.522501
0.421250 2.523560
0.422194 2.524618
0.423138 2.525675
0.424080 2.526731
0.425021 2.527785
0.425960 2.528839
0.426898 2.529892
0.427835 2.530943
0.428770 2.531994
0.429704 2.533044
0.430637 2.534092
0.431568 2.535140
0.432498 2.536187
0.433427 2.537232
0.434355 2.538277
0.435281 2.539320
0.436206 2.540363
0.437129 2.541404
0.438051 2.542445
0.438972 2.543485
0.439892 2.544523
0.440810 2.545561
0.441727 2.546597
0.442643 2.547633
0.443558 2.548668
0.444471 2.549701
0.445383 2.550734
0.446294 2.551766
0.447203 2.552797
0.448111 2.553826
0.449018 2.554855
0.449924 2.555883
0.450829 2.556910
0.451732 2.557936
0.452634 2.558961
0.453535 2.559985
0.454435 2.561008
0.455333 2.562030
0.456230 2.563051
0.457126 2.564071
0.458021 2.565090
0.458914 2.566109
0.459807 2.567126
0.460698 2.568142
0.461588 2.569158
0.462477 2.570172
0.463364 2.571186
0.464251 2.572198
0.465136 2.573210
0.466020 2.574221
0.466903 2.575231
0.467785 2.576240
0.468665 2.577248
0.469545 2.578255
0.470423 2.579261
0.471300 2.580266
0.472176 2.581271
0.473051 2.582274
0.473925 2.583277
0.474797 2.584278
0.475669 2.585279
0.476539 2.586279
0.477408 2.587278
0.478276 2.588276
0.479143 2.589273
0.480009 2.590269
0.480873 2.591264
0.481737 2.592259
0.482599 2.593252
0.483461 2.594245
0.484321 2.595236
0.485180 2.596227
0.486038 2.597217
0.486895 2.598206
0.487751 2.599195
0.488606 2.600182
0.489460 2.601168
0.490312 2.602154
0.491164 2.603139
0.492014 2.604123
0.492864 2.605106
0.493712 2.606088
0.494559 2.607069
0.495406 2.608049
0.496251 2.609029
0.497095 2.610008
0.497938 2.610985
0.498780 2.611962
0.499621 2.612938
0.500461 2.613914
0.501300 2.614888
0.502138 2.615862
0.502975 2.616834
0.503811 2.617806
0.504645 2.618777
0.505479 2.619747
0.506312 2.620717
0.507144 2.621685
0.507974 2.622653
0.508804 2.623620
0.509633 2.624586
0.510461 2.625551
0.511287 2.626515
0.512113 2.627479
0.512938 2.628442
0.513762 2.629403
0.514584 2.630365
0.515406 2.631325
0.516227 2.632284
0.517047 2.633243
0.517865 2.634201
0.518683 2.635158
0.519500 2.636114
0.520316 2.637069
0.521131 2.638024
0.521945 2.638977
0.522758 2.639930
0.523570 2.640883
0.524381 2.641834
0.525191 2.642784
0.526000 2.643734
0.526808 2.644683
0.527616 2.645631
0.528422 2.646579
0.529227 2.647525
0.530032 2.648471
0.530835 2.649416
0.531638 2.650360
0.532439 2.651304
0.533240 2.652246
0.534040 2.653188
0.534839 2.654129
0.535637 2.655070
0.536434 2.656009
0.537230 2.656948
0.538025 2.657886
0.538819 2.658823
0.539612 2.659759
0.540405 2.660695
0.541196 2.661630
0.541987 2.662564
0.542777 2.663498
0.543566 2.664430
0.544354 2.665362
0.545141 2.666293
0.545927 2.667223
0.546712 2.668153
0.547497 2.669082
0.548280 2.670010
0.549063 2.670937
0.549845 2.671864
0.550625 2.672790
0.551405 2.673715
0.552185 2.674639
0.552963 2.675563
0.553740 2.676485
0.554517 2.677408
0.555292 2.678329
0.556067 2.679250
0.556841 2.680169
0.557614 2.681089
0.558387 2.682007
0.559158 2.682925
0.559929 2.683842
0.560698 2.684758
0.561467 2.685673
0.562235 2.686588
0.563002 2.687502
0.563769 2.688415
0.564534 2.689328
0.565299 2.690240
0.566063 2.691151
0.566826 2.692062
0.567588 2.692971
0.568349 2.693880
0.569110 2.694789
0.569869 2.695696
0.570628 2.696603
0.571386 2.697509
0.572144 2.698415
0.572900 2.699319
0.573656 2.700223
0.574411 2.701127
0.575165 2.702029
0.575918 2.702931
0.576670 2.703833
0.577422 2.704733
0.583414 2.711921
0.589356 2.719065
0.595248 2.726166
0.601092 2.733224
0.606889 2.740240
0.612640 2.747214
0.618345 2.754148
0.624005 2.761041
0.629621 2.767894
0.635194 2.774708
0.640725 2.781484
0.646214 2.788222
0.651663 2.794922
0.657071 2.801585
0.662440 2.808211
0.667770 2.814801
0.673062 2.821356
0.678317 2.827876
0.683534 2.834362
0.688716 2.840813
0.693862 2.847230
0.698973 2.853614
0.704049 2.859966
0.709091 2.866285
0.714100 2.872572
0.719076 2.878827
0.724020 2.885051
0.728932 2.891245
0.733812 2.897408
0.738662 2.903541
0.743481 2.909644
0.748270 2.915718
0.753030 2.921763
0.757760 2.927779
0.762462 2.933767
0.767135 2.939727
0.771780 2.945659
0.776398 2.951564
0.780989 2.957442
0.785553 2.963294
0.790091 2.969119
0.794603 2.974918
0.799089 2.980691
0.803549 2.986438
0.807985 2.992161
0.812396 2.997858
0.816783 3.003531
0.821146 3.009179
0.825485 3.014803
0.829801 3.020403
0.834094 3.025980
0.838363 3.031533
0.842611 3.037063
0.846836 3.042570
0.851039 3.048055
0.855221 3.053517
0.859381 3.058956
0.863520 3.064374
0.867638 3.069770
0.871735 3.075145
0.875812 3.080498
0.879869 3.085830
0.883906 3.091141
0.887923 3.096432
0.891921 3.101702
0.895900 3.106952
0.899859 3.112181
0.903800 3.117391
0.907722 3.122581
0.911626 3.127751
0.915512 3.132902
0.919380 3.138034
0.923229 3.143147
0.927062 3.148242
0.930877 3.153317
0.934675 3.158374
0.938455 3.163413
0.942219 3.168433
0.945966 3.173436
0.949697 3.178421
0.953412 3.183388
0.957110 3.188338
0.960793 3.193270
0.964459 3.198186
0.968110 3.203084
0.971746 3.207965
0.975366 3.212830
0.978971 3.217678
0.982561 3.222509
0.986136 3.227324
0.989696 3.232123
0.993242 3.236906
0.996773 3.241673
1.000291 3.246425
1.003793 3.251160
1.007282 3.255881
1.010757 3.260585
1.014219 3.265275
1.017666 3.269949
1.021101 3.274609
1.024521 3.279253
1.027929 3.283883
1.031323 3.288498
1.034705 3.293099
1.038073 3.297685
1.041429 3.302257
1.044772 3.306815
1.048103 3.311358
1.051421 3.315888
1.054727 3.320403
1.058021 3.324905
1.061302 3.329394
1.064572 3.333869
1.067830 3.338330
1.071076 3.342778
1.074310 3.347213
1.077533 3.351634
1.080744 3.356043
1.083944 3.360438
1.087132 3.364821
1.090310 3.369191
1.093476 3.373549
1.096632 3.377893
1.099776 3.382226
1.102910 3.386546
1.106032 3.390853
1.109145 3.395149
1.112246 3.399432
1.115338 3.403703
1.118418 3.407962
1.121489 3.412210
1.124549 3.416445
1.127600 3.420669
1.130640 3.424881
1.133670 3.429082
1.136690 3.433271
1.139701 3.437449
1.142701 3.441616
1.145692 3.445771
1.148674 3.449915
1.151646 3.454048
1.154608 3.458170
1.157562 3.462282
1.160505 3.466382
1.163440 3.470471
1.166365 3.474550
1.169282 3.478618
1.172189 3.482676
1.175088 3.486723
1.177977 3.490760
1.180858 3.494786
1.183730 3.498802
1.186593 3.502808
1.189448 3.506803
1.192294 3.510789
1.195131 3.514764
1.197960 3.518730
1.200781 3.522685
1.203593 3.526631
1.206397 3.530567
1.209193 3.534493
1.211981 3.538409
1.214761 3.542316
1.217532 3.546214
1.220296 3.550101
1.223052 3.553980
1.225800 3.557849
1.228540 3.561709
1.231272 3.565559
1.233996 3.569400
1.236713 3.573232
1.239423 3.577055
1.242124 3.580869
1.244819 3.584674
1.247505 3.588470
1.250185 3.592258
1.252857 3.596036
1.255522 3.599805
1.258179 3.603566
1.260829 3.607319
1.263473 3.611062
1.266109 3.614797
1.268737 3.618523
1.271359 3.622241
1.273974 3.625951
1.276582 3.629652
1.279183 3.633345
1.281778 3.637030
1.284365 3.640706
1.286946 3.644374
1.289520 3.648034
1.292087 3.651686
1.294648 3.655330
1.297202 3.658966
1.299749 3.662593
1.302290 3.666213
1.304825 3.669825
1.307353 3.673430
1.309875 3.677026
1.312390 3.680615
1.314899 3.684196
1.317402 3.687769
1.319899 3.691335
1.322389 3.694893
1.324873 3.698443
1.327351 3.701986
1.329823 3.705522
1.332289 3.709050
1.334749 3.712571
1.337203 3.716085
1.339651 3.719591
1.342093 3.723090
1.344529 3.726581
1.346960 3.730066
1.349384 3.733543
1.351803 3.737013
1.354216 3.740476
1.356624 3.743932
1.359025 3.747381
1.361421 3.750823
1.363812 3.754259
1.366197 3.757687
1.368576 3.761108
1.370950 3.764523
1.373318 3.767930
1.375681 3.771331
1.378038 3.774726
1.380390 3.778113
1.382737 3.781494
1.385078 3.784868
1.387414 3.788236
1.389745 3.791597
1.392070 3.794952
1.394390 3.798300
1.396706 3.801641
1.399015 3.804977
1.401320 3.808305
1.403620 3.811628
1.405914 3.814944
1.408204 3.818253
1.410488 3.821557
1.412768 3.824854
1.415042 3.828145
1.417312 3.831430
1.419577 3.834708
1.421836 3.837981
1.424091 3.841247
1.426341 3.844507
1.428587 3.847762
1.430827 3.851010
1.433063 3.854252
1.435294 3.857488
1.437520 3.860719
1.439741 3.863943
1.441958 3.867162
1.444170 3.870374
1.446378 3.873581
1.448581 3.876782
1.450779 3.879977
1.452973 3.883167
1.455162 3.886351
1.457347 3.889529
1.459528 3.892701
1.461703 3.895868
1.463875 3.899029
1.466042 3.902185
1.468204 3.905335
1.470363 3.908479
1.472516 3.911618
1.474666 3.914751
1.476811 3.917879
1.478952 3.921002
1.481089 3.924119
1.483221 3.927230
1.485349 3.930337
1.487473 3.933438
1.489593 3.936533
1.491709 3.939624
1.493820 3.942709
1.495927 3.945788
1.498031 3.948863
1.500130 3.951932
1.502225 3.954996
1.504316 3.958055
1.506403 3.961109
1.508486 3.964158
1.510564 3.967201
1.512639 3.970239
1.514710 3.973273
1.516778 3.976301
1.518841 3.979325
1.520900 3.982343
1.522955 3.985356
1.525007 3.988365
1.527054 3.991368
1.529098 3.994366
1.531138 3.997360
1.533174 4.000349
1.535207 4.003333
1.537236 4.006312
1.539260 4.009286
1.541282 4.012255
1.543299 4.015220
1.545313 4.018180
1.547323 4.021135
1.549329 4.024086
1.551332 4.027031
1.553331 4.029972
1.555327 4.032909
1.557319 4.035840
1.559307 4.038768
1.561292 4.041690
1.563273 4.044608
1.565251 4.047521
1.567225 4.050430
1.569195 4.053334
1.571163 4.056234
1.573126 4.059129
1.575087 4.062020
1.577043 4.064906
1.578997 4.067788
1.580947 4.070665
1.582893 4.073538
1.584836 4.076407
1.586776 4.079271
1.588712 4.082131
1.590645 4.084987
1.592575 4.087838
1.594501 4.090685
1.596425 4.093527
1.598344 4.096365
1.600261 4.099199
1.602174 4.102029
1.604084 4.104855
1.605991 4.107676
1.607895 4.110493
1.609795 4.113306
1.611692 4.116115
1.613586 4.118919
1.615477 4.121720
1.617364 4.124516
1.619249 4.127308
1.621130 4.130096
1.623008 4.132881
1.624884 4.135661
1.626756 4.138436
1.628625 4.141208
1.630491 4.143976
1.632353 4.146740
1.634213 4.149500
1.636070 4.152256
1.637924 4.155008
1.639774 4.157756
1.641622 4.160500
1.643467 4.163240
1.645309 4.165977
1.647147 4.168709
1.648983 4.171438
1.650816 4.174162
1.652646 4.176883
1.654473 4.179600
1.656297 4.182313
1.658119 4.185023
1.659937 4.187728
1.661753 4.190430
1.663565 4.193128
1.665375 4.195822
1.667182 4.198513
1.668986 4.201199
1.670787 4.203883
1.672586 4.206562
1.674382 4.209238
1.676175 4.211910
1.677965 4.214578
1.679752 4.217243
1.681537 4.219904
1.683319 4.222561
1.685098 4.225215
1.686874 4.227865
1.688648 4.230512
1.690419 4.233155
1.692187 4.235795
1.693953 4.238430
1.695716 4.241063
1.697476 4.243692
1.699234 4.246317
1.700989 4.248939
1.702742 4.251557
1.704491 4.254172
1.706238 4.256784
1.707983 4.259392
1.709725 4.261996
1.711464 4.264597
1.713201 4.267195
1.714935 4.269789
1.716667 4.272380
1.718396 4.274968
1.720123 4.277552
1.721847 4.280133
1.747431 4.318479
1.772476 4.356105
1.797009 4.393043
1.821054 4.429325
1.844635 4.464980
1.867772 4.500033
1.890487 4.534510
1.912796 4.568434
1.934718 4.601827
1.956269 4.634710
1.977462 4.667102
1.998314 4.699020
2.018836 4.730482
2.039042 4.761504
2.058943 4.792102
2.078550 4.822288
2.097873 4.852078
2.116923 4.881484
2.135708 4.910519
2.154238 4.939193
2.172520 4.967518
2.190564 4.995504
2.208375 5.023163
2.225962 5.050502
2.243332 5.077531
2.260490 5.104259
2.277443 5.130694
2.294198 5.156844
2.310759 5.182718
2.327131 5.208321
2.343321 5.233661
2.359333 5.258744
2.375172 5.283578
2.390842 5.308168
2.406348 5.332521
2.421694 5.356641
2.436883 5.380535
2.451921 5.404208
2.466809 5.427664
2.481553 5.450909
2.496155 5.473948
2.510619 5.496784
2.524948 5.519423
2.539145 5.541869
2.553212 5.564125
2.567154 5.586196
2.580972 5.608086
2.594669 5.629798
2.608248 5.651336
2.621711 5.672703
2.635061 5.693903
2.648300 5.714938
2.661430 5.735813
2.674453 5.756530
2.687372 5.777093
2.700188 5.797503
2.712904 5.817764
2.725522 5.837879
2.738043 5.857849
2.750469 5.877679
2.762801 5.897370
2.775043 5.916924
2.787194 5.936344
2.799258 5.955633
2.811234 5.974792
2.823126 5.993824
2.834934 6.012731
2.846660 6.031514
2.858305 6.050176
2.869871 6.068719
2.881359 6.087145
2.892770 6.105455
2.904105 6.123652
2.915366 6.141737
2.926554 6.159711
2.937670 6.177577
2.948715 6.195336
2.959690 6.212990
2.970597 6.230540
2.981436 6.247987
2.992208 6.265334
3.002915 6.282582
3.013558 6.299732
3.024136 6.316785
3.034652 6.333744
3.045107 6.350608
3.055500 6.367380
3.065833 6.384061
3.076107 6.400652
3.086323 6.417153
3.096481 6.433568
3.106582 6.449896
3.116628 6.466138
3.126618 6.482296
3.136554 6.498372
3.146436 6.514365
3.156265 6.530277
3.166041 6.546109
3.175766 6.561862
3.185441 6.577537
3.195064 6.593136
3.204638 6.608658
3.214163 6.624105
3.223640 6.639477
3.233069 6.654777
3.242450 6.670003
3.251785 6.685159
3.261074 6.700243
3.270317 6.715257
3.279515 6.730203
3.288669 6.745080
3.297779 6.759889
3.306846 6.774632
3.315869 6.789308
3.324850 6.803919
3.333790 6.818466
3.342688 6.832948
3.351545 6.847368
3.360361 6.861725
3.369138 6.876020
3.377875 6.890254
3.386573 6.904428
3.395232 6.918541
3.403852 6.932596
3.412435 6.946592
3.420981 6.960530
3.429489 6.974410
3.437961 6.988234
3.446397 7.002001
3.454796 7.015713
3.463160 7.029370
3.471489 7.042972
3.479783 7.056520
3.488043 7.070015
3.496269 7.083457
3.504461 7.096846
3.512619 7.110184
3.520745 7.123470
3.528837 7.136705
3.536898 7.149890
3.544926 7.163024
3.552923 7.176110
3.560888 7.189146
3.568822 7.202134
3.576725 7.215074
3.584597 7.227966
3.592440 7.240811
3.600252 7.253609
3.608034 7.266360
3.615788 7.279066
3.623512 7.291726
3.631207 7.304342
3.638873 7.316912
3.646512 7.329438
3.654122 7.341921
3.661704 7.354359
3.669259 7.366755
3.676786 7.379108
3.684287 7.391418
3.691760 7.403686
3.699207 7.415913
3.706628 7.428098
3.714022 7.440242
3.721390 7.452346
3.728733 7.464409
3.736050 7.476433
3.743342 7.488417
3.750609 7.500361
3.757851 7.512266
3.765069 7.524133
3.772262 7.535962
3.779431 7.547752
3.786576 7.559505
3.793697 7.571220
3.800794 7.582898
3.807869 7.594539
3.814919 7.606144
3.821947 7.617712
3.828952 7.629245
3.835934 7.640741
3.842894 7.652202
3.849832 7.663629
3.856747 7.675020
3.863640 7.686376
3.870512 7.697699
3.877362 7.708987
3.884190 7.720241
3.890997 7.731462
3.897784 7.742649
3.904549 7.753803
3.911293 7.764925
3.918017 7.776014
3.924720 7.787070
3.931403 7.798095
3.938066 7.809087
3.944708 7.820048
3.951331 7.830977
3.957934 7.841875
3.964518 7.852742
3.971082 7.863579
3.977626 7.874385
3.984152 7.885160
3.990658 7.895906
3.997146 7.906621
4.003615 7.917307
4.010065 7.927963
4.016497 7.938590
4.022911 7.949188
4.029306 7.959757
4.035683 7.970297
4.042042 7.980809
4.048384 7.991293
4.054707 8.001748
4.061013 8.012175
4.067302 8.022575
4.073573 8.032947
4.079827 8.043292
4.086064 8.053610
4.092283 8.063900
4.098486 8.074164
4.104672 8.084401
4.110842 8.094611
4.116995 8.104796
4.123131 8.114954
4.129252 8.125086
4.135355 8.135192
4.141443 8.145273
4.147515 8.155328
4.153571 8.165358
4.159611 8.175363
4.165635 8.185342
4.171644 8.195297
4.177637 8.205227
4.183615 8.215133
4.189578 8.225014
4.195525 8.234871
4.201457 8.244704
4.207374 8.254512
4.213277 8.264297
4.219164 8.274059
4.225037 8.283797
4.230895 8.293511
4.236738 8.303203
4.242567 8.312871
4.248382 8.322516
4.254182 8.332139
4.259968 8.341738
4.265740 8.351315
4.271498 8.360870
4.277242 8.370403
4.282972 8.379913
4.288689 8.389401
4.294391 8.398868
4.300080 8.408312
4.305756 8.417735
4.311418 8.427137
4.317067 8.436517
4.322702 8.445876
4.328324 8.455213
4.333933 8.464530
4.339529 8.473826
4.345112 8.483100
4.350682 8.492355
4.356239 8.501588
4.361783 8.510801
4.367315 8.519994
4.372834 8.529167
4.378340 8.538319
4.383834 8.547452
4.389316 8.556564
4.394785 8.565657
4.400242 8.574730
4.405687 8.583783
4.411119 8.592817
4.416540 8.601832
4.421948 8.610827
4.427345 8.619804
4.432730 8.628761
4.438103 8.637699
4.443464 8.646618
4.448813 8.655519
4.454151 8.664401
4.459477 8.673264
4.464792 8.682109
4.470095 8.690936
4.475387 8.699744
4.480668 8.708534
4.485937 8.717306
4.491195 8.726060
4.496442 8.734796
4.501678 8.743514
4.506903 8.752215
4.512117 8.760898
4.517320 8.769563
4.522512 8.778211
4.527694 8.786842
4.532864 8.795455
4.538024 8.804052
4.543174 8.812631
