x y
-3.000000 0.000000
-2.998955 0.000000
-2.997906 0.000000
-2.996853 0.000000
-2.995796 0.000000
-2.994735 0.000000
-2.993669 0.000000
-2.992600 0.000000
-2.991526 0.000000
-2.990448 0.000000
-2.989365 0.000000
-2.988279 0.000000
-2.987188 0.000000
-2.986092 0.000000
-2.984993 0.000000
-2.983888 0.000000
-2.982779 0.000000
-2.981666 0.000000
-2.980548 0.000000
-2.979426 0.000000
-2.978298 0.000000
-2.977167 0.000000
-2.976030 0.000000
-2.974888 0.000000
-2.973742 0.000000
-2.972591 0.000000
-2.971435 0.000000
-2.970274 0.000000
-2.969108 0.000000
-2.967937 0.000000
-2.966761 0.000000
-2.965580 0.000000
-2.964393 0.000000
-2.963201 0.000000
-2.962005 0.000000
-2.960802 0.000000
-2.959595 0.000000
-2.958382 0.000000
-2.957163 0.000000
-2.955939 0.000000
-2.954709 0.000000
-2.953474 0.000000
-2.952233 0.000000
-2.950986 0.000000
-2.949734 0.000000
-2.948475 0.000000
-2.947211 0.000000
-2.945941 0.000000
-2.944665 0.000000
-2.943382 0.000000
-2.942094 0.000000
-2.940799 0.000000
-2.939498 0.000000
-2.938190 0.000000
-2.936877 0.000000
-2.935556 0.000000
-2.934230 0.000000
-2.932896 0.000000
-2.931556 0.000000
-2.930209 0.000000
-2.928856 0.000000
-2.927495 0.000000
-2.926128 0.000000
-2.924753 0.000000
-2.923371 0.000000
-2.921983 0.000000
-2.920586 0.000000
-2.919183 0.000000
-2.917772 0.000000
-2.916353 0.000000
-2.914927 0.000000
-2.913494 0.000000
-2.912052 0.000000
-2.910603 0.000000
-2.909145 0.000000
-2.907680 0.000000
-2.906206 0.000000
-2.904724 0.000000
-2.903234 0.000000
-2.901735 0.000000
-2.900228 0.000000
-2.898712 0.000000
-2.897187 0.000000
-2.895653 0.000000
-2.894111 0.000000
-2.892559 0.000000
-2.890998 0.000000
-2.889428 0.000000
-2.887848 0.000000
-2.886259 0.000000
-2.884660 0.000000
-2.883051 0.000000
-2.881433 0.000000
-2.879804 0.000000
-2.878165 0.000000
-2.876515 0.000000
-2.874855 0.000000
-2.873184 0.000000
-2.871503 0.000000
-2.869811 0.000000
-2.868107 0.000000
-2.866392 0.000000
-2.864666 0.000000
-2.862928 0.000000
-2.861179 0.000000
-2.859417 0.000000
-2.857643 0.000000
-2.855857 0.000000
-2.854059 0.000000
-2.852248 0.000000
-2.850424 0.000000
-2.848587 0.000000
-2.846736 0.000000
-2.844873 0.000000
-2.842995 0.000000
-2.841104 0.000000
-2.839198 0.000000
-2.837278 0.000000
-2.835343 0.000000
-2.833394 0.000000
-2.831429 0.000000
-2.829449 0.000000
-2.827454 0.000000
-2.825442 0.000000
-2.823414 0.000000
-2.821370 0.000000
-2.819309 0.000000
-2.817231 0.000000
-2.815135 0.000000
-2.813022 0.000000
-2.810890 0.000000
-2.808741 0.000000
-2.806572 0.000000
-2.804384 0.000000
-2.802177 0.000000
-2.799950 0.000000
-2.797703 0.000000
-2.795435 0.000000
-2.793145 0.000000
-2.790835 0.000000
-2.788502 0.000000
-2.786146 0.000000
-2.783768 0.000000
-2.781366 0.000000
-2.778940 0.000000
-2.776490 0.000000
-2.774014 0.000000
-2.771513 0.000000
-2.768985 0.000000
-2.766430 0.000000
-2.763848 0.000000
-2.761237 0.000000
-2.758598 0.000000
-2.755928 0.000000
-2.753228 0.000000
-2.750497 0.000000
-2.747734 0.000000
-2.744937 0.000000
-2.742107 0.000000
-2.739242 0.000000
-2.736341 0.000000
-2.733403 0.000000
-2.730427 0.000000
-2.727412 0.000000
-2.724357 0.000000
-2.721260 0.000000
-2.718120 0.000000
-2.714936 0.000000
-2.711706 0.000000
-2.708429 0.000000
-2.705103 0.000000
-2.701726 0.000000
-2.698297 0.000000
-2.694814 0.000000
-2.691274 0.000000
-2.687675 0.000000
-2.684016 0.000000
-2.680293 0.000000
-2.676505 0.000000
-2.672647 0.000000
-2.668718 0.000000
-2.664714 0.000000
-2.660632 0.000000
-2.656467 0.000000
-2.652217 0.000000
-2.647876 0.000000
-2.643439 0.000000
-2.638903 0.000000
-2.634261 0.000000
-2.629506 0.000000
-2.624633 0.000000
-2.619635 0.000000
-2.614502 0.000000
-2.609226 0.000000
-2.603797 0.000000
-2.598203 0.000000
-2.592432 0.000000
-2.586471 0.000000
-2.580301 0.000000
-2.573905 0.000000
-2.567261 0.000000
-2.560343 0.000000
-2.553123 0.000000
-2.545564 0.000000
-2.537624 0.000000
-2.529250 0.000000
-2.520376 0.000000
-2.510920 0.000000
-2.500771 0.000000
-2.489782 0.000000
-2.477744 0.000000
-2.464346 0.000000
-2.449088 0.000000
-2.431059 0.000000
-2.408239 0.000000
-2.373299 0.000000
-2.329691 -0.052170
-2.332352 -0.086896
-2.335000 -0.111112
-2.337635 -0.130793
-2.340256 -0.147765
-2.342865 -0.162877
-2.345461 -0.176608
-2.348045 -0.189261
-2.350616 -0.201040
-2.353174 -0.212092
-2.355720 -0.222525
-2.358254 -0.232424
-2.360776 -0.241856
-2.363286 -0.250872
-2.365784 -0.259519
-2.368270 -0.267831
-2.370745 -0.275840
-2.373208 -0.283572
-2.375660 -0.291050
-2.378101 -0.298293
-2.380530 -0.305318
-2.382948 -0.312141
-2.385355 -0.318776
-2.387751 -0.325233
-2.390137 -0.331525
-2.392511 -0.337660
-2.394875 -0.343647
-2.397229 -0.349495
-2.399572 -0.355211
-2.401905 -0.360801
-2.404228 -0.366271
-2.406540 -0.371628
-2.408842 -0.376876
-2.411135 -0.382020
-2.413417 -0.387065
-2.415690 -0.392014
-2.417953 -0.396872
-2.420206 -0.401643
-2.422450 -0.406329
-2.424685 -0.410933
-2.426910 -0.415460
-2.429125 -0.419911
-2.431332 -0.424290
-2.433529 -0.428598
-2.435718 -0.432838
-2.437897 -0.437013
-2.440067 -0.441124
-2.442229 -0.445173
-2.444382 -0.449163
-2.446526 -0.453094
-2.448662 -0.456970
-2.450789 -0.460791
-2.452907 -0.464559
-2.455017 -0.468275
-2.457119 -0.471942
-2.459213 -0.475560
-2.461298 -0.479130
-2.463376 -0.482654
-2.465445 -0.486133
-2.467506 -0.489569
-2.469560 -0.492961
-2.471605 -0.496312
-2.473643 -0.499622
-2.475673 -0.502893
-2.477695 -0.506124
-2.479710 -0.509318
-2.481717 -0.512475
-2.483717 -0.515595
-2.485709 -0.518681
-2.487694 -0.521731
-2.489672 -0.524748
-2.491642 -0.527732
-2.493605 -0.530683
-2.495561 -0.533602
-2.497510 -0.536491
-2.499452 -0.539349
-2.501387 -0.542177
-2.503315 -0.544976
-2.505236 -0.547746
-2.507151 -0.550488
-2.509058 -0.553203
-2.510959 -0.555890
-2.512853 -0.558551
-2.514741 -0.561186
-2.516622 -0.563796
-2.518497 -0.566380
-2.520365 -0.568940
-2.522226 -0.571475
-2.524082 -0.573987
-2.525931 -0.576475
-2.527773 -0.578941
-2.529610 -0.581384
-2.531440 -0.583804
-2.533264 -0.586203
-2.535082 -0.588581
-2.536895 -0.590937
-2.538701 -0.593273
-2.540501 -0.595588
-2.542295 -0.597883
-2.544083 -0.600159
-2.545866 -0.602415
-2.547642 -0.604652
-2.549413 -0.606870
-2.551178 -0.609069
-2.552938 -0.611250
-2.554692 -0.613414
-2.556440 -0.615559
-2.558183 -0.617687
-2.559920 -0.619798
-2.561652 -0.621892
-2.563378 -0.623970
-2.565099 -0.626031
-2.566815 -0.628075
-2.568525 -0.630104
-2.570230 -0.632117
-2.571930 -0.634115
-2.573624 -0.636097
-2.575314 -0.638064
-2.576998 -0.640016
-2.578677 -0.641953
-2.580351 -0.643876
-2.582020 -0.645785
-2.583684 -0.647679
-2.585343 -0.649560
-2.586997 -0.651427
-2.588646 -0.653280
-2.590290 -0.655120
-2.591930 -0.656947
-2.593564 -0.658760
-2.595194 -0.660561
-2.596819 -0.662349
-2.598439 -0.664125
-2.600055 -0.665888
-2.601666 -0.667639
-2.603272 -0.669378
-2.604874 -0.671105
-2.606471 -0.672820
-2.608064 -0.674523
-2.609652 -0.676215
-2.611236 -0.677895
-2.612815 -0.679565
-2.614389 -0.681223
-2.615960 -0.682870
-2.617526 -0.684506
-2.619087 -0.686132
-2.620645 -0.687747
-2.622198 -0.689351
-2.623746 -0.690946
-2.625291 -0.692529
-2.626831 -0.694103
-2.628367 -0.695667
-2.629899 -0.697221
-2.631427 -0.698765
-2.632950 -0.700299
-2.634470 -0.701824
-2.635985 -0.703339
-2.637497 -0.704845
-2.639004 -0.706342
-2.640508 -0.707829
-2.642007 -0.709308
-2.643503 -0.710777
-2.644994 -0.712237
-2.646482 -0.713689
-2.647966 -0.715132
-2.649446 -0.716567
-2.650922 -0.717992
-2.652394 -0.719410
-2.653863 -0.720819
-2.655328 -0.722220
-2.656789 -0.723612
-2.658246 -0.724997
-2.659700 -0.726373
-2.661150 -0.727742
-2.662596 -0.729103
-2.664038 -0.730456
-2.665477 -0.731801
-2.666913 -0.733139
-2.668345 -0.734469
-2.669773 -0.735791
-2.671198 -0.737106
-2.672619 -0.738414
-2.674037 -0.739715
-2.675451 -0.741008
-2.676862 -0.742294
-2.678269 -0.743573
-2.679673 -0.744846
-2.681074 -0.746111
-2.682471 -0.747369
-2.683865 -0.748621
-2.685255 -0.749865
-2.686642 -0.751103
-2.688026 -0.752335
-2.689407 -0.753560
-2.690784 -0.754778
-2.692158 -0.755990
-2.693529 -0.757196
-2.694896 -0.758395
-2.696260 -0.759588
-2.697622 -0.760775
-2.698980 -0.761956
-2.700334 -0.763130
-2.701686 -0.764298
-2.703035 -0.765461
-2.704380 -0.766617
-2.705722 -0.767768
-2.707062 -0.768913
-2.708398 -0.770052
-2.709731 -0.771185
-2.711061 -0.772312
-2.712389 -0.773434
-2.713713 -0.774550
-2.715034 -0.775661
-2.716352 -0.776766
-2.717667 -0.777866
-2.718980 -0.778960
-2.720289 -0.780049
-2.721596 -0.781133
-2.722899 -0.782211
-2.724200 -0.783284
-2.725498 -0.784352
-2.726793 -0.785414
-2.728085 -0.786472
-2.729375 -0.787525
-2.730661 -0.788572
-2.731945 -0.789614
-2.733226 -0.790652
-2.734504 -0.791684
-2.735780 -0.792712
-2.737053 -0.793735
-2.738323 -0.794753
-2.739590 -0.795766
-2.740855 -0.796775
-2.742117 -0.797779
-2.743376 -0.798778
-2.744633 -0.799772
-2.745887 -0.800762
-2.747138 -0.801748
-2.748387 -0.802729
-2.749633 -0.803705
-2.750877 -0.804677
-2.752118 -0.805645
-2.753356 -0.806608
-2.754592 -0.807567
-2.755825 -0.808521
-2.757056 -0.809471
-2.758285 -0.810417
-2.759510 -0.811359
-2.760734 -0.812297
-2.761954 -0.813230
-2.763173 -0.814159
-2.764389 -0.815084
-2.765602 -0.816005
-2.766813 -0.816922
-2.768021 -0.817835
-2.769228 -0.818744
-2.770431 -0.819650
-2.771633 -0.820551
-2.772832 -0.821448
-2.774028 -0.822341
-2.775222 -0.823231
-2.776414 -0.824117
-2.777604 -0.824999
-2.778791 -0.825877
-2.779976 -0.826751
-2.781158 -0.827622
-2.782339 -0.828489
-2.783516 -0.829352
-2.784692 -0.830212
-2.785866 -0.831068
-2.787037 -0.831920
-2.788206 -0.832769
-2.789372 -0.833615
-2.790537 -0.834457
-2.791699 -0.835295
-2.792859 -0.836130
-2.794017 -0.836961
-2.795172 -0.837789
-2.796326 -0.838614
-2.797477 -0.839435
-2.798626 -0.840253
-2.799773 -0.841068
-2.800918 -0.841879
-2.802061 -0.842687
-2.803201 -0.843492
-2.804340 -0.844293
-2.805476 -0.845092
-2.806610 -0.845887
-2.807743 -0.846678
-2.808873 -0.847467
-2.810001 -0.848253
-2.811127 -0.849035
-2.812250 -0.849814
-2.813372 -0.850590
-2.814492 -0.851364
-2.815610 -0.852134
-2.816726 -0.852901
-2.817839 -0.853665
-2.818951 -0.854426
-2.820061 -0.855184
-2.821169 -0.855939
-2.822275 -0.856691
-2.823378 -0.857441
-2.824480 -0.858187
-2.825580 -0.858930
-2.826678 -0.859671
-2.827774 -0.860409
-2.828868 -0.861144
-2.829960 -0.861876
-2.831051 -0.862605
-2.832139 -0.863332
-2.833226 -0.864056
-2.834310 -0.864777
-2.835393 -0.865495
-2.836474 -0.866211
-2.837553 -0.866924
-2.838630 -0.867634
-2.839705 -0.868342
-2.840778 -0.869047
-2.841850 -0.869749
-2.842920 -0.870449
-2.843987 -0.871146
-2.845054 -0.871840
-2.846118 -0.872532
-2.847180 -0.873221
-2.848241 -0.873908
-2.849300 -0.874593
-2.850357 -0.875274
-2.851412 -0.875954
-2.852466 -0.876631
-2.853518 -0.877305
-2.854568 -0.877977
-2.855616 -0.878646
-2.856663 -0.879313
-2.857707 -0.879978
-2.858750 -0.880640
-2.859792 -0.881300
-2.860831 -0.881957
-2.861869 -0.882612
-2.862906 -0.883265
-2.863940 -0.883915
-2.864973 -0.884563
-2.866004 -0.885209
-2.867034 -0.885853
-2.868062 -0.886494
-2.869088 -0.887133
-2.870112 -0.887769
-2.871135 -0.888404
-2.872157 -0.889036
-2.873176 -0.889666
-2.874194 -0.890294
-2.875210 -0.890919
-2.876225 -0.891542
-2.877238 -0.892164
-2.878250 -0.892783
-2.879260 -0.893399
-2.880268 -0.894014
-2.881275 -0.894627
-2.882280 -0.895237
-2.883283 -0.895846
-2.884285 -0.896452
-2.885286 -0.897056
-2.886285 -0.897658
-2.887282 -0.898258
-2.888278 -0.898856
-2.889272 -0.899452
-2.890265 -0.900046
-2.891256 -0.900638
-2.892245 -0.901228
-2.893234 -0.901816
-2.894220 -0.902402
-2.895205 -0.902986
-2.896189 -0.903567
-2.897171 -0.904147
-2.898151 -0.904726
-2.899130 -0.905302
-2.900108 -0.905876
-2.901084 -0.906448
-2.902059 -0.907018
-2.903032 -0.907587
-2.904004 -0.908153
-2.904974 -0.908718
-2.905943 -0.909281
-2.906910 -0.909842
-2.907876 -0.910401
-2.908840 -0.910958
-2.909803 -0.911514
-2.910765 -0.912067
-2.911725 -0.912619
-2.912684 -0.913169
-2.913641 -0.913717
-2.914597 -0.914264
-2.915552 -0.914808
-2.916505 -0.915351
-2.917457 -0.915892
-2.918407 -0.916431
-2.919356 -0.916969
-2.920303 -0.917505
-2.921250 -0.918039
-2.922194 -0.918571
-2.923138 -0.919102
-2.924080 -0.919631
-2.925021 -0.920158
-2.925960 -0.920684
-2.926898 -0.921208
-2.927835 -0.921730
-2.928770 -0.922250
-2.929704 -0.922769
-2.930637 -0.923286
-2.931568 -0.923802
-2.932498 -0.924316
-2.933427 -0.924828
-2.934355 -0.925339
-2.935281 -0.925848
-2.936206 -0.926356
-2.937129 -0.926862
-2.938051 -0.927366
-2.938972 -0.927869
-2.939892 -0.928370
-2.940810 -0.928870
-2.941727 -0.929368
-2.942643 -0.929864
-2.943558 -0.930359
-2.944471 -0.930853
-2.945383 -0.931344
-2.946294 -0.931835
-2.947203 -0.932324
-2.948111 -0.932811
-2.949018 -0.933297
-2.949924 -0.933781
-2.950829 -0.934264
-2.951732 -0.934745
-2.952634 -0.935225
-2.953535 -0.935704
-2.954435 -0.936181
-2.955333 -0.936656
-2.956230 -0.937130
-2.957126 -0.937603
-2.958021 -0.938074
-2.958914 -0.938544
-2.959807 -0.939012
-2.960698 -0.939479
-2.961588 -0.939944
-2.962477 -0.940408
-2.963364 -0.940871
-2.964251 -0.941332
-2.965136 -0.941792
-2.966020 -0.942251
-2.966903 -0.942708
-2.967785 -0.943164
-2.968665 -0.943618
-2.969545 -0.944071
-2.970423 -0.944523
-2.971300 -0.944973
-2.972176 -0.945422
-2.973051 -0.945870
-2.973925 -0.946316
-2.974797 -0.946761
-2.975669 -0.947205
-2.976539 -0.947647
-2.977408 -0.948088
-2.978276 -0.948528
-2.979143 -0.948967
-2.980009 -0.949404
-2.980873 -0.949840
-2.981737 -0.950274
-2.982599 -0.950708
-2.983461 -0.951140
-2.984321 -0.951570
-2.985180 -0.952000
-2.986038 -0.952428
-2.986895 -0.952855
-2.987751 -0.953281
-2.988606 -0.953706
-2.989460 -0.954129
-2.990312 -0.954551
-2.991164 -0.954972
-2.992014 -0.955392
-2.992864 -0.955810
-2.993712 -0.956228
-2.994559 -0.956644
-2.995406 -0.957058
-2.996251 -0.957472
-2.997095 -0.957885
-2.997938 -0.958296
-2.998780 -0.958706
-2.999621 -0.959115
-3.000461 -0.959523
-3.001300 -0.959929
-3.002138 -0.960335
-3.002975 -0.960739
-3.003811 -0.961142
-3.004645 -0.961544
-3.005479 -0.961945
-3.006312 -0.962345
-3.007144 -0.962743
-3.007974 -0.963141
-3.008804 -0.963537
-3.009633 -0.963932
-3.010461 -0.964326
-3.011287 -0.964719
-3.012113 -0.965111
-3.012938 -0.965502
-3.013762 -0.965892
-3.014584 -0.966280
-3.015406 -0.966668
-3.016227 -0.967054
-3.017047 -0.967440
-3.017865 -0.967824
-3.018683 -0.968207
-3.019500 -0.968589
-3.020316 -0.968970
-3.021131 -0.969350
-3.021945 -0.969729
-3.022758 -0.970107
-3.023570 -0.970484
-3.024381 -0.970860
-3.025191 -0.971234
-3.026000 -0.971608
-3.026808 -0.971981
-3.027616 -0.972352
-3.028422 -0.972723
-3.029227 -0.973093
-3.030032 -0.973461
-3.030835 -0.973829
-3.031638 -0.974195
-3.032439 -0.974561
-3.033240 -0.974926
-3.034040 -0.975289
-3.034839 -0.975652
-3.035637 -0.976013
-3.036434 -0.976374
-3.037230 -0.976734
-3.038025 -0.977092
-3.038819 -0.977450
-3.039612 -0.977807
-3.040405 -0.978162
-3.041196 -0.978517
-3.041987 -0.978871
-3.042777 -0.979224
-3.043566 -0.979576
-3.044354 -0.979926
-3.045141 -0.980276
-3.045927 -0.980625
-3.046712 -0.980974
-3.047497 -0.981321
-3.048280 -0.981667
-3.049063 -0.982012
-3.049845 -0.982357
-3.050625 -0.982700
-3.051405 -0.983043
-3.052185 -0.983384
-3.052963 -0.983725
-3.053740 -0.984065
-3.054517 -0.984404
-3.055292 -0.984742
-3.056067 -0.985079
-3.056841 -0.985415
-3.057614 -0.985750
-3.058387 -0.986085
-3.059158 -0.986418
-3.059929 -0.986751
-3.060698 -0.987082
-3.061467 -0.987413
-3.062235 -0.987743
-3.063002 -0.988072
-3.063769 -0.988401
-3.064534 -0.988728
-3.065299 -0.989055
-3.066063 -0.989380
-3.066826 -0.989705
-3.067588 -0.990029
-3.068349 -0.990352
-3.069110 -0.990674
-3.069869 -0.990996
-3.070628 -0.991316
-3.071386 -0.991636
-3.072144 -0.991955
-3.072900 -0.992273
-3.073656 -0.992590
-3.074411 -0.992906
-3.075165 -0.993222
-3.075918 -0.993537
-3.076670 -0.993851
-3.077422 -0.994164
-3.083414 -0.996642
-3.089356 -0.999070
-3.095248 -1.001449
-3.101092 -1.003779
-3.106889 -1.006062
-3.112640 -1.008299
-3.118345 -1.010492
-3.124005 -1.012641
-3.129621 -1.014747
-3.135194 -1.016812
-3.140725 -1.018837
-3.146214 -1.020822
-3.151663 -1.022768
-3.157071 -1.024677
-3.162440 -1.026549
-3.167770 -1.028385
-3.173062 -1.030186
-3.178317 -1.031952
-3.183534 -1.033685
-3.188716 -1.035385
-3.193862 -1.037052
-3.198973 -1.038688
-3.204049 -1.040293
-3.209091 -1.041868
-3.214100 -1.043413
-3.219076 -1.044930
-3.224020 -1.046417
-3.228932 -1.047877
-3.233812 -1.049310
-3.238662 -1.050716
-3.243481 -1.052096
-3.248270 -1.053450
-3.253030 -1.054778
-3.257760 -1.056082
-3.262462 -1.057362
-3.267135 -1.058618
-3.271780 -1.059850
-3.276398 -1.061060
-3.280989 -1.062247
-3.285553 -1.063411
-3.290091 -1.064554
-3.294603 -1.065676
-3.299089 -1.066776
-3.303549 -1.067856
-3.307985 -1.068916
-3.312396 -1.069956
-3.316783 -1.070976
-3.321146 -1.071977
-3.325485 -1.072958
-3.329801 -1.073922
-3.334094 -1.074867
-3.338363 -1.075793
-3.342611 -1.076702
-3.346836 -1.077594
-3.351039 -1.078468
-3.355221 -1.079326
-3.359381 -1.080167
-3.363520 -1.080991
-3.367638 -1.081800
-3.371735 -1.082592
-3.375812 -1.083369
-3.379869 -1.084130
-3.383906 -1.084876
-3.387923 -1.085607
-3.391921 -1.086324
-3.395900 -1.087025
-3.399859 -1.087713
-3.403800 -1.088386
-3.407722 -1.089046
-3.411626 -1.089691
-3.415512 -1.090324
-3.419380 -1.090942
-3.423229 -1.091548
-3.427062 -1.092141
-3.430877 -1.092721
-3.434675 -1.093288
-3.438455 -1.093843
-3.442219 -1.094385
-3.445966 -1.094916
-3.449697 -1.095434
-3.453412 -1.095941
-3.457110 -1.096436
-3.460793 -1.096919
-3.464459 -1.097391
-3.468110 -1.097852
-3.471746 -1.098302
-3.475366 -1.098741
-3.478971 -1.099169
-3.482561 -1.099586
-3.486136 -1.099993
-3.489696 -1.100389
-3.493242 -1.100776
-3.496773 -1.101152
-3.500291 -1.101518
-3.503793 -1.101874
-3.507282 -1.102220
-3.510757 -1.102556
-3.514219 -1.102883
-3.517666 -1.103201
-3.521101 -1.103509
-3.524521 -1.103808
-3.527929 -1.104098
-3.531323 -1.104378
-3.534705 -1.104650
-3.538073 -1.104913
-3.541429 -1.105167
-3.544772 -1.105413
-3.548103 -1.105650
-3.551421 -1.105879
-3.554727 -1.106099
-3.558021 -1.106311
-3.561302 -1.106515
-3.564572 -1.106710
-3.567830 -1.106898
-3.571076 -1.107078
-3.574310 -1.107250
-3.577533 -1.107414
-3.580744 -1.107570
-3.583944 -1.107719
-3.587132 -1.107860
-3.590310 -1.107994
-3.593476 -1.108121
-3.596632 -1.108240
-3.599776 -1.108352
-3.602910 -1.108457
-3.606032 -1.108554
-3.609145 -1.108645
-3.612246 -1.108729
-3.615338 -1.108806
-3.618418 -1.108876
-3.621489 -1.108939
-3.624549 -1.108996
-3.627600 -1.109045
-3.630640 -1.109089
-3.633670 -1.109126
-3.636690 -1.109156
-3.639701 -1.109180
-3.642701 -1.109198
-3.645692 -1.109209
-3.648674 -1.109215
-3.651646 -1.109214
-3.654608 -1.109207
-3.657562 -1.109194
-3.660505 -1.109175
-3.663440 -1.109150
-3.666365 -1.109119
-3.669282 -1.109082
-3.672189 -1.109040
-3.675088 -1.108991
-3.677977 -1.108937
-3.680858 -1.108878
-3.683730 -1.108813
-3.686593 -1.108742
-3.689448 -1.108666
-3.692294 -1.108584
-3.695131 -1.108497
-3.697960 -1.108405
-3.700781 -1.108307
-3.703593 -1.108204
-3.706397 -1.108095
-3.709193 -1.107982
-3.711981 -1.107863
-3.714761 -1.107739
-3.717532 -1.107611
-3.720296 -1.107477
-3.723052 -1.107338
-3.725800 -1.107194
-3.728540 -1.107045
-3.731272 -1.106892
-3.733996 -1.106733
-3.736713 -1.106570
-3.739423 -1.106402
-3.742124 -1.106229
-3.744819 -1.106052
-3.747505 -1.105870
-3.750185 -1.105683
-3.752857 -1.105491
-3.755522 -1.105295
-3.758179 -1.105095
-3.760829 -1.104890
-3.763473 -1.104681
-3.766109 -1.104467
-3.768737 -1.104248
-3.771359 -1.104026
-3.773974 -1.103799
-3.776582 -1.103567
-3.779183 -1.103332
-3.781778 -1.103092
-3.784365 -1.102848
-3.786946 -1.102600
-3.789520 -1.102347
-3.792087 -1.102091
-3.794648 -1.101830
-3.797202 -1.101565
-3.799749 -1.101296
-3.802290 -1.101023
-3.804825 -1.100746
-3.807353 -1.100466
-3.809875 -1.100181
-3.812390 -1.099892
-3.814899 -1.099599
-3.817402 -1.099303
-3.819899 -1.099002
-3.822389 -1.098698
-3.824873 -1.098390
-3.827351 -1.098078
-3.829823 -1.097763
-3.832289 -1.097443
-3.834749 -1.097120
-3.837203 -1.096794
-3.839651 -1.096463
-3.842093 -1.096129
-3.844529 -1.095791
-3.846960 -1.095450
-3.849384 -1.095105
-3.851803 -1.094757
-3.854216 -1.094405
-3.856624 -1.094049
-3.859025 -1.093690
-3.861421 -1.093328
-3.863812 -1.092962
-3.866197 -1.092592
-3.868576 -1.092220
-3.870950 -1.091843
-3.873318 -1.091464
-3.875681 -1.091081
-3.878038 -1.090694
-3.880390 -1.090305
-3.882737 -1.089911
-3.885078 -1.089515
-3.887414 -1.089116
-3.889745 -1.088713
-3.892070 -1.088307
-3.894390 -1.087897
-3.896706 -1.087485
-3.899015 -1.087069
-3.901320 -1.086650
-3.903620 -1.086228
-3.905914 -1.085803
-3.908204 -1.085374
-3.910488 -1.084943
-3.912768 -1.084508
-3.915042 -1.084070
-3.917312 -1.083629
-3.919577 -1.083186
-3.921836 -1.082739
-3.924091 -1.082289
-3.926341 -1.081836
-3.928587 -1.081380
-3.930827 -1.080921
-3.933063 -1.080459
-3.935294 -1.079994
-3.937520 -1.079526
-3.939741 -1.079056
-3.941958 -1.078582
-3.944170 -1.078105
-3.946378 -1.077626
-3.948581 -1.077144
-3.950779 -1.076658
-3.952973 -1.076170
-3.955162 -1.075679
-3.957347 -1.075186
-3.959528 -1.074689
-3.961703 -1.074190
-3.963875 -1.073688
-3.966042 -1.073183
-3.968204 -1.072675
-3.970363 -1.072165
-3.972516 -1.071651
-3.974666 -1.071135
-3.976811 -1.070617
-3.978952 -1.070095
-3.981089 -1.069571
-3.983221 -1.069044
-3.985349 -1.068515
-3.987473 -1.067983
-3.989593 -1.067448
-3.991709 -1.066910
-3.993820 -1.066370
-3.995927 -1.065827
-3.998031 -1.065282
-4.000130 -1.064734
-4.002225 -1.064183
-4.004316 -1.063630
-4.006403 -1.063074
-4.008486 -1.062516
-4.010564 -1.061955
-4.012639 -1.061392
-4.014710 -1.060826
-4.016778 -1.060257
-4.018841 -1.059686
-4.020900 -1.059112
-4.022955 -1.058536
-4.025007 -1.057957
-4.027054 -1.057376
-4.029098 -1.056793
-4.031138 -1.056206
-4.033174 -1.055618
-4.035207 -1.055027
-4.037236 -1.054433
-4.039260 -1.053837
-4.041282 -1.053239
-4.043299 -1.052638
-4.045313 -1.052035
-4.047323 -1.051429
-4.049329 -1.050821
-4.051332 -1.050210
-4.053331 -1.049597
-4.055327 -1.048982
-4.057319 -1.048365
-4.059307 -1.047744
-4.061292 -1.047122
-4.063273 -1.046497
-4.065251 -1.045870
-4.067225 -1.045241
-4.069195 -1.044609
-4.071163 -1.043975
-4.073126 -1.043338
-4.075087 -1.042699
-4.077043 -1.042058
-4.078997 -1.041415
-4.080947 -1.040769
-4.082893 -1.040121
-4.084836 -1.039470
-4.086776 -1.038818
-4.088712 -1.038163
-4.090645 -1.037505
-4.092575 -1.036846
-4.094501 -1.036184
-4.096425 -1.035520
-4.098344 -1.034854
-4.100261 -1.034185
-4.102174 -1.033515
-4.104084 -1.032842
-4.105991 -1.032166
-4.107895 -1.031489
-4.109795 -1.030809
-4.111692 -1.030127
-4.113586 -1.029443
-4.115477 -1.028757
-4.117364 -1.028068
-4.119249 -1.027377
-4.121130 -1.026685
-4.123008 -1.025989
-4.124884 -1.025292
-4.126756 -1.024593
-4.128625 -1.023891
-4.130491 -1.023187
-4.132353 -1.022481
-4.134213 -1.021773
-4.136070 -1.021062
-4.137924 -1.020350
-4.139774 -1.019635
-4.141622 -1.018918
-4.143467 -1.018199
-4.145309 -1.017478
-4.147147 -1.016755
-4.148983 -1.016030
-4.150816 -1.015302
-4.152646 -1.014572
-4.154473 -1.013841
-4.156297 -1.013107
-4.158119 -1.012371
-4.159937 -1.011633
-4.161753 -1.010892
-4.163565 -1.010150
-4.165375 -1.009405
-4.167182 -1.008659
-4.168986 -1.007910
-4.170787 -1.007159
-4.172586 -1.006407
-4.174382 -1.005652
-4.176175 -1.004895
-4.177965 -1.004135
-4.179752 -1.003374
-4.181537 -1.002611
-4.183319 -1.001846
-4.185098 -1.001078
-4.186874 -1.000309
-4.188648 -0.999537
-4.190419 -0.998763
-4.192187 -0.997988
-4.193953 -0.997210
-4.195716 -0.996430
-4.197476 -0.995648
-4.199234 -0.994864
-4.200989 -0.994078
-4.202742 -0.993290
-4.204491 -0.992500
-4.206238 -0.991708
-4.207983 -0.990913
-4.209725 -0.990117
-4.211464 -0.989319
-4.213201 -0.988518
-4.214935 -0.987716
-4.216667 -0.986911
-4.218396 -0.986105
-4.220123 -0.985296
-4.221847 -0.984486
-4.247431 -0.972073
-4.272476 -0.959206
-4.297009 -0.945884
-4.321054 -0.932106
-4.344635 -0.917870
-4.367772 -0.903168
-4.390487 -0.887994
-4.412796 -0.872335
-4.434718 -0.856180
-4.456269 -0.839510
-4.477462 -0.822308
-4.498314 -0.804549
-4.518836 -0.786208
-4.539042 -0.767251
-4.558943 -0.747642
-4.578550 -0.727338
-4.597873 -0.706288
-4.616923 -0.684432
-4.635708 -0.661697
-4.654238 -0.637999
-4.672520 -0.613234
-4.690564 -0.587274
-4.708375 -0.559962
-4.725962 -0.531096
-4.743332 -0.500416
-4.760490 -0.467572
-4.777443 -0.432080
-4.794198 -0.393230
-4.810759 -0.349917
-4.827131 -0.300222
-4.843321 -0.240231
-4.859333 -0.158681
-4.961517 0.000000
-5.091316 0.000000
-5.176567 0.000000
-5.247174 0.000000
-5.309633 0.000000
-5.366684 0.000000
-5.419793 0.000000
-5.469850 0.000000
-5.517448 0.000000
-5.563000 0.000000
-5.606815 0.000000
-5.649125 0.000000
-5.690112 0.000000
-5.729923 0.000000
-5.768677 0.000000
-5.806474 0.000000
-5.843396 0.000000
-5.879514 0.000000
-5.914889 0.000000
-5.949574 0.000000
-5.983616 0.000000
-6.017055 0.000000
-6.049928 0.000000
-6.082267 0.000000
-6.114100 0.000000
-6.145455 0.000000
-6.176355 0.000000
-6.206822 0.000000
-6.236875 0.000000
-6.266533 0.000000
-6.295813 0.000000
-6.324729 0.000000
-6.353296 0.000000
-6.381528 0.000000
-6.409436 0.000000
-6.437033 0.000000
-6.464329 0.000000
-6.491334 0.000000
-6.518058 0.000000
-6.544509 0.000000
-6.570697 0.000000
-6.596628 0.000000
-6.622311 0.000000
-6.647753 0.000000
-6.672960 0.000000
-6.697938 0.000000
-6.722695 0.000000
-6.747235 0.000000
-6.771564 0.000000
-6.795688 0.000000
-6.819611 0.000000
-6.843339 0.000000
-6.866875 0.000000
-6.890225 0.000000
-6.913392 0.000000
-6.936381 0.000000
-6.959196 0.000000
-6.981839 0.000000
-7.004316 0.000000
-7.026629 0.000000
-7.048781 0.000000
-7.070777 0.000000
-7.092618 0.000000
-7.114309 0.000000
-7.135851 0.000000
-7.157249 0.000000
-7.178503 0.000000
-7.199618 0.000000
-7.220595 0.000000
-7.241437 0.000000
-7.262147 0.000000
-7.282726 0.000000
-7.303178 0.000000
-7.323503 0.000000
-7.343705 0.000000
-7.363785 0.000000
-7.383745 0.000000
-7.403588 0.000000
-7.423314 0.000000
-7.442927 0.000000
-7.462427 0.000000
-7.481816 0.000000
-7.501097 0.000000
-7.520270 0.000000
-7.539338 0.000000
-7.558301 0.000000
-7.577162 0.000000
-7.595922 0.000000
-7.614582 0.000000
-7.633144 0.000000
-7.651609 0.000000
-7.669978 0.000000
-7.688253 0.000000
-7.706436 0.000000
-7.724526 0.000000
-7.742526 0.000000
-7.760437 0.000000
-7.778259 0.000000
-7.795995 0.000000
-7.813644 0.000000
-7.831209 0.000000
-7.848690 0.000000
-7.866088 0.000000
-7.883405 0.000000
-7.900641 0.000000
-7.917798 0.000000
-7.934876 0.000000
-7.951876 0.000000
-7.968799 0.000000
-7.985646 0.000000
-8.002418 0.000000
-8.019116 0.000000
-8.035741 0.000000
-8.052293 0.000000
-8.068773 0.000000
-8.085183 0.000000
-8.101523 0.000000
-8.117793 0.000000
-8.133995 0.000000
-8.150129 0.000000
-8.166196 0.000000
-8.182196 0.000000
-8.198131 0.000000
-8.214002 0.000000
-8.229807 0.000000
-8.245550 0.000000
-8.261229 0.000000
-8.276846 0.000000
-8.292402 0.000000
-8.307896 0.000000
-8.323330 0.000000
-8.338704 0.000000
-8.354020 0.000000
-8.369276 0.000000
-8.384475 0.000000
-8.399616 0.000000
-8.414700 0.000000
-8.429728 0.000000
-8.444700 0.000000
-8.459616 0.000000
-8.474478 0.000000
-8.489286 0.000000
-8.504040 0.000000
-8.518741 0.000000
-8.533389 0.000000
-8.547984 0.000000
-8.562528 0.000000
-8.577021 0.000000
-8.591463 0.000000
-8.605854 0.000000
-8.620196 0.000000
-8.634488 0.000000
-8.648731 0.000000
-8.662925 0.000000
-8.677071 0.000000
-8.691169 0.000000
-8.705220 0.000000
-8.719224 0.000000
-8.733182 0.000000
-8.747093 0.000000
-8.760958 0.000000
-8.774778 0.000000
-8.788553 0.000000
-8.802283 0.000000
-8.815969 0.000000
-8.829611 0.000000
-8.843210 0.000000
-8.856765 0.000000
-8.870277 0.000000
-8.883747 0.000000
-8.897175 0.000000
-8.910561 0.000000
-8.923905 0.000000
-8.937208 0.000000
-8.950471 0.000000
-8.963692 0.000000
-8.976874 0.000000
-8.990016 0.000000
-9.003118 0.000000
-9.016180 0.000000
-9.029204 0.000000
-9.042189 0.000000
-9.055135 0.000000
-9.068044 0.000000
-9.080914 0.000000
-9.093747 0.000000
-9.106543 0.000000
-9.119302 0.000000
-9.132023 0.000000
-9.144709 0.000000
-9.157358 0.000000
-9.169971 0.000000
-9.182549 0.000000
-9.195091 0.000000
-9.207598 0.000000
-9.220070 0.000000
-9.232507 0.000000
-9.244910 0.000000
-9.257279 0.000000
-9.269613 0.000000
-9.281914 0.000000
-9.294182 0.000000
-9.306416 0.000000
-9.318617 0.000000
-9.330785 0.000000
-9.342921 0.000000
-9.355024 0.000000
-9.367095 0.000000
-9.379135 0.000000
-9.391142 0.000000
-9.403118 0.000000
-9.415063 0.000000
-9.426977 0.000000
-9.438859 0.000000
-9.450711 0.000000
-9.462533 0.000000
-9.474324 0.000000
-9.486085 0.000000
-9.497816 0.000000
-9.509518 0.000000
-9.521190 0.000000
-9.532832 0.000000
-9.544446 0.000000
-9.556030 0.000000
-9.567586 0.000000
-9.579113 0.000000
-9.590612 0.000000
-9.602082 0.000000
-9.613525 0.000000
-9.624939 0.000000
-9.636326 0.000000
-9.647685 0.000000
-9.659017 0.000000
-9.670321 0.000000
-9.681599 0.000000
-9.692849 0.000000
-9.704073 0.000000
-9.715270 0.000000
-9.726441 0.000000
-9.737586 0.000000
-9.748704 0.000000
-9.759797 0.000000
-9.770864 0.000000
-9.781905 0.000000
-9.792920 0.000000
-9.803910 0.000000
-9.814875 0.000000
-9.825815 0.000000
-9.836730 0.000000
-9.847621 0.000000
-9.858486 0.000000
-9.869327 0.000000
-9.880144 0.000000
-9.890937 0.000000
-9.901705 0.000000
-9.912450 0.000000
-9.923170 0.000000
-9.933867 0.000000
-9.944541 0.000000
-9.955191 0.000000
-9.965818 0.000000
-9.976421 0.000000
-9.987002 0.000000
-9.997559 0.000000
-10.008094 0.000000
-10.018606 0.000000
-10.029096 0.000000
