w mag
0.00000 1.000000
0.01003 1.000000
0.02007 1.000000
0.03010 1.000000
0.04013 1.000000
0.05017 1.000000
0.06020 1.000000
0.07023 1.000000
0.08027 1.000000
0.09030 1.000000
0.10033 1.000000
0.11037 1.000000
0.12040 1.000000
0.13043 1.000000
0.14047 1.000000
0.15050 1.000000
0.16054 1.000000
0.17057 1.000000
0.18060 1.000000
0.19064 1.000000
0.20067 1.000000
0.21070 1.000000
0.22074 1.000000
0.23077 1.000000
0.24080 1.000000
0.25084 1.000000
0.26087 1.000000
0.27090 1.000000
0.28094 1.000000
0.29097 1.000000
0.30100 1.000000
0.31104 1.000000
0.32107 1.000000
0.33110 1.000000
0.34114 1.000000
0.35117 1.000000
0.36120 1.000000
0.37124 1.000000
0.38127 1.000000
0.39130 1.000000
0.40134 1.000000
0.41137 1.000000
0.42140 1.000000
0.43144 0.999999
0.44147 0.999999
0.45151 0.999999
0.46154 0.999998
0.47157 0.999997
0.48161 0.999996
0.49164 0.999994
0.50167 0.999992
0.51171 0.999989
0.52174 0.999985
0.53177 0.999980
0.54181 0.999972
0.55184 0.999963
0.56187 0.999951
0.57191 0.999935
0.58194 0.999914
0.59197 0.999886
0.60201 0.999851
0.61204 0.999806
0.62207 0.999749
0.63211 0.999675
0.64214 0.999582
0.65217 0.999465
0.66221 0.999317
0.67224 0.999131
0.68227 0.998899
0.69231 0.998611
0.70234 0.998252
0.71237 0.997808
0.72241 0.997260
0.73244 0.996587
0.74247 0.995762
0.75251 0.994755
0.76254 0.993529
0.77258 0.992042
0.78261 0.990244
0.79264 0.988077
0.80268 0.985477
0.81271 0.982367
0.82274 0.978664
0.83278 0.974272
0.84281 0.969088
0.85284 0.962997
0.86288 0.955879
0.87291 0.947608
0.88294 0.938054
0.89298 0.927091
0.90301 0.914599
0.91304 0.900473
0.92308 0.884628
0.93311 0.867007
0.94314 0.847590
0.95318 0.826396
0.96321 0.803489
0.97324 0.778980
0.98328 0.753027
0.99331 0.725824
1.00334 0.697601
1.01338 0.668612
1.02341 0.639122
1.03344 0.609398
1.04348 0.579697
1.05351 0.550260
1.06355 0.521303
1.07358 0.493014
1.08361 0.465547
1.09365 0.439028
1.10368 0.413551
1.11371 0.389181
1.12375 0.365959
1.13378 0.343906
1.14381 0.323022
1.15385 0.303293
1.16388 0.284696
1.17391 0.267195
1.18395 0.250751
1.19398 0.235317
1.20401 0.220847
1.21405 0.207291
1.22408 0.194598
1.23411 0.182720
1.24415 0.171607
1.25418 0.161213
1.26421 0.151493
1.27425 0.142404
1.28428 0.133903
1.29431 0.125953
1.30435 0.118517
1.31438 0.111560
1.32441 0.105051
1.33445 0.098958
1.34448 0.093253
1.35452 0.087911
1.36455 0.082907
1.37458 0.078217
1.38462 0.073821
1.39465 0.069699
1.40468 0.065831
1.41472 0.062202
1.42475 0.058795
1.43478 0.055595
1.44482 0.052589
1.45485 0.049764
1.46488 0.047108
1.47492 0.044610
1.48495 0.042259
1.49498 0.040046
1.50502 0.037963
1.51505 0.036000
1.52508 0.034151
1.53512 0.032407
1.54515 0.030763
1.55518 0.029212
1.56522 0.027748
1.57525 0.026366
1.58528 0.025061
1.59532 0.023829
1.60535 0.022664
1.61538 0.021562
1.62542 0.020520
1.63545 0.019535
1.64548 0.018603
1.65552 0.017720
1.66555 0.016884
1.67559 0.016092
1.68562 0.015342
1.69565 0.014631
1.70569 0.013956
1.71572 0.013317
1.72575 0.012710
1.73579 0.012134
1.74582 0.011587
1.75585 0.011068
1.76589 0.010575
1.77592 0.010106
1.78595 0.009661
1.79599 0.009238
1.80602 0.008835
1.81605 0.008452
1.82609 0.008087
1.83612 0.007741
1.84615 0.007410
1.85619 0.007096
1.86622 0.006797
1.87625 0.006511
1.88629 0.006239
1.89632 0.005980
1.90635 0.005733
1.91639 0.005497
1.92642 0.005272
1.93645 0.005057
1.94649 0.004853
1.95652 0.004657
1.96656 0.004470
1.97659 0.004292
1.98662 0.004122
1.99666 0.003959
2.00669 0.003803
2.01672 0.003655
2.02676 0.003512
2.03679 0.003376
2.04682 0.003246
2.05686 0.003122
2.06689 0.003002
2.07692 0.002888
2.08696 0.002779
2.09699 0.002674
2.10702 0.002574
2.11706 0.002478
2.12709 0.002386
2.13712 0.002298
2.14716 0.002214
2.15719 0.002133
2.16722 0.002055
2.17726 0.001980
2.18729 0.001909
2.19732 0.001840
2.20736 0.001774
2.21739 0.001711
2.22742 0.001650
2.23746 0.001592
2.24749 0.001536
2.25753 0.001482
2.26756 0.001431
2.27759 0.001381
2.28763 0.001333
2.29766 0.001287
2.30769 0.001243
2.31773 0.001201
2.32776 0.001160
2.33779 0.001121
2.34783 0.001083
2.35786 0.001047
2.36789 0.001012
2.37793 0.000978
2.38796 0.000946
2.39799 0.000915
2.40803 0.000885
2.41806 0.000856
2.42809 0.000828
2.43813 0.000801
2.44816 0.000775
2.45819 0.000750
2.46823 0.000726
2.47826 0.000703
2.48829 0.000680
2.49833 0.000659
2.50836 0.000638
2.51839 0.000618
2.52843 0.000599
2.53846 0.000580
2.54849 0.000562
2.55853 0.000545
2.56856 0.000528
2.57860 0.000512
2.58863 0.000496
2.59866 0.000481
2.60870 0.000466
2.61873 0.000452
2.62876 0.000439
2.63880 0.000425
2.64883 0.000413
2.65886 0.000400
2.66890 0.000388
2.67893 0.000377
2.68896 0.000366
2.69900 0.000355
2.70903 0.000345
2.71906 0.000335
2.72910 0.000325
2.73913 0.000316
2.74916 0.000306
2.75920 0.000298
2.76923 0.000289
2.77926 0.000281
2.78930 0.000273
2.79933 0.000265
2.80936 0.000258
2.81940 0.000250
2.82943 0.000243
2.83946 0.000237
2.84950 0.000230
2.85953 0.000224
2.86957 0.000218
2.87960 0.000212
2.88963 0.000206
2.89967 0.000200
2.90970 0.000195
2.91973 0.000189
2.92977 0.000184
2.93980 0.000179
2.94983 0.000174
2.95987 0.000170
2.96990 0.000165
2.97993 0.000161
2.98997 0.000157
3.00000 0.000152
