w mag
0.00000 1.000000
0.01003 1.000000
0.02007 1.000000
0.03010 1.000000
0.04013 1.000000
0.05017 1.000000
0.06020 1.000000
0.07023 1.000000
0.08027 1.000000
0.09030 1.000000
0.10033 1.000000
0.11037 1.000000
0.12040 1.000000
0.13043 1.000000
0.14047 1.000000
0.15050 1.000000
0.16054 1.000000
0.17057 1.000000
0.18060 0.999999
0.19064 0.999999
0.20067 0.999999
0.21070 0.999998
0.22074 0.999997
0.23077 0.999996
0.24080 0.999994
0.25084 0.999992
0.26087 0.999989
0.27090 0.999985
0.28094 0.999981
0.29097 0.999974
0.30100 0.999966
0.31104 0.999956
0.32107 0.999944
0.33110 0.999928
0.34114 0.999908
0.35117 0.999884
0.36120 0.999855
0.37124 0.999820
0.38127 0.999777
0.39130 0.999725
0.40134 0.999664
0.41137 0.999590
0.42140 0.999503
0.43144 0.999400
0.44147 0.999279
0.45151 0.999138
0.46154 0.998972
0.47157 0.998779
0.48161 0.998556
0.49164 0.998298
0.50167 0.998000
0.51171 0.997658
0.52174 0.997266
0.53177 0.996818
0.54181 0.996308
0.55184 0.995728
0.56187 0.995070
0.57191 0.994326
0.58194 0.993488
0.59197 0.992544
0.60201 0.991485
0.61204 0.990298
0.62207 0.988973
0.63211 0.987495
0.64214 0.985851
0.65217 0.984027
0.66221 0.982008
0.67224 0.979777
0.68227 0.977319
0.69231 0.974615
0.70234 0.971649
0.71237 0.968402
0.72241 0.964856
0.73244 0.960993
0.74247 0.956794
0.75251 0.952241
0.76254 0.947318
0.77258 0.942006
0.78261 0.936290
0.79264 0.930155
0.80268 0.923587
0.81271 0.916576
0.82274 0.909111
0.83278 0.901184
0.84281 0.892791
0.85284 0.883929
0.86288 0.874600
0.87291 0.864806
0.88294 0.854554
0.89298 0.843855
0.90301 0.832720
0.91304 0.821168
0.92308 0.809216
0.93311 0.796887
0.94314 0.784206
0.95318 0.771200
0.96321 0.757898
0.97324 0.744331
0.98328 0.730532
0.99331 0.716533
1.00334 0.702369
1.01338 0.688075
1.02341 0.673683
1.03344 0.659228
1.04348 0.644743
1.05351 0.630260
1.06355 0.615808
1.07358 0.601417
1.08361 0.587115
1.09365 0.572927
1.10368 0.558876
1.11371 0.544983
1.12375 0.531270
1.13378 0.517752
1.14381 0.504446
1.15385 0.491364
1.16388 0.478520
1.17391 0.465923
1.18395 0.453580
1.19398 0.441500
1.20401 0.429687
1.21405 0.418144
1.22408 0.406875
1.23411 0.395881
1.24415 0.385162
1.25418 0.374718
1.26421 0.364547
1.27425 0.354647
1.28428 0.345016
1.29431 0.335649
1.30435 0.326544
1.31438 0.317696
1.32441 0.309099
1.33445 0.300750
1.34448 0.292644
1.35452 0.284774
1.36455 0.277135
1.37458 0.269722
1.38462 0.262529
1.39465 0.255550
1.40468 0.248779
1.41472 0.242212
1.42475 0.235841
1.43478 0.229662
1.44482 0.223669
1.45485 0.217856
1.46488 0.212218
1.47492 0.206749
1.48495 0.201445
1.49498 0.196301
1.50502 0.191310
1.51505 0.186469
1.52508 0.181773
1.53512 0.177217
1.54515 0.172796
1.55518 0.168507
1.56522 0.164345
1.57525 0.160305
1.58528 0.156385
1.59532 0.152579
1.60535 0.148885
1.61538 0.145299
1.62542 0.141817
1.63545 0.138435
1.64548 0.135152
1.65552 0.131962
1.66555 0.128864
1.67559 0.125854
1.68562 0.122929
1.69565 0.120088
1.70569 0.117326
1.71572 0.114642
1.72575 0.112032
1.73579 0.109495
1.74582 0.107029
1.75585 0.104630
1.76589 0.102297
1.77592 0.100028
1.78595 0.097821
1.79599 0.095673
1.80602 0.093584
1.81605 0.091550
1.82609 0.089571
1.83612 0.087644
1.84615 0.085768
1.85619 0.083942
1.86622 0.082163
1.87625 0.080431
1.88629 0.078744
1.89632 0.077101
1.90635 0.075499
1.91639 0.073939
1.92642 0.072419
1.93645 0.070937
1.94649 0.069493
1.95652 0.068085
1.96656 0.066712
1.97659 0.065374
1.98662 0.064069
1.99666 0.062796
2.00669 0.061554
2.01672 0.060343
2.02676 0.059161
2.03679 0.058007
2.04682 0.056882
2.05686 0.055784
2.06689 0.054712
2.07692 0.053665
2.08696 0.052643
2.09699 0.051646
2.10702 0.050672
2.11706 0.049720
2.12709 0.048791
2.13712 0.047883
2.14716 0.046996
2.15719 0.046130
2.16722 0.045283
2.17726 0.044456
2.18729 0.043648
2.19732 0.042857
2.20736 0.042085
2.21739 0.041329
2.22742 0.040591
2.23746 0.039869
2.24749 0.039163
2.25753 0.038472
2.26756 0.037797
2.27759 0.037136
2.28763 0.036490
2.29766 0.035857
2.30769 0.035239
2.31773 0.034633
2.32776 0.034041
2.33779 0.033461
2.34783 0.032893
2.35786 0.032337
2.36789 0.031793
2.37793 0.031260
2.38796 0.030739
2.39799 0.030228
2.40803 0.029728
2.41806 0.029238
2.42809 0.028758
2.43813 0.028288
2.44816 0.027827
2.45819 0.027376
2.46823 0.026934
2.47826 0.026501
2.48829 0.026076
2.49833 0.025660
2.50836 0.025252
2.51839 0.024853
2.52843 0.024461
2.53846 0.024076
2.54849 0.023700
2.55853 0.023330
2.56856 0.022968
2.57860 0.022613
2.58863 0.022265
2.59866 0.021923
2.60870 0.021588
2.61873 0.021259
2.62876 0.020936
2.63880 0.020620
2.64883 0.020309
2.65886 0.020005
2.66890 0.019706
2.67893 0.019412
2.68896 0.019124
2.69900 0.018841
2.70903 0.018564
2.71906 0.018292
2.72910 0.018024
2.73913 0.017762
2.74916 0.017504
2.75920 0.017251
2.76923 0.017002
2.77926 0.016758
2.78930 0.016518
2.79933 0.016283
2.80936 0.016051
2.81940 0.015824
2.82943 0.015601
2.83946 0.015382
2.84950 0.015166
2.85953 0.014954
2.86957 0.014746
2.87960 0.014542
2.88963 0.014341
2.89967 0.014144
2.90970 0.013950
2.91973 0.013759
2.92977 0.013572
2.93980 0.013387
2.94983 0.013206
2.95987 0.013028
2.96990 0.012853
2.97993 0.012681
2.98997 0.012511
3.00000 0.012345
