w mag
0.00000 1.000000
0.01003 0.999950
0.02007 0.999799
0.03010 0.999547
0.04013 0.999196
0.05017 0.998744
0.06020 0.998193
0.07023 0.997543
0.08027 0.996794
0.09030 0.995948
0.10033 0.995004
0.11037 0.993965
0.12040 0.992830
0.13043 0.991600
0.14047 0.990278
0.15050 0.988863
0.16054 0.987358
0.17057 0.985763
0.18060 0.984080
0.19064 0.982310
0.20067 0.980454
0.21070 0.978515
0.22074 0.976493
0.23077 0.974391
0.24080 0.972210
0.25084 0.969951
0.26087 0.967617
0.27090 0.965209
0.28094 0.962730
0.29097 0.960180
0.30100 0.957561
0.31104 0.954877
0.32107 0.952128
0.33110 0.949316
0.34114 0.946444
0.35117 0.943513
0.36120 0.940526
0.37124 0.937484
0.38127 0.934389
0.39130 0.931243
0.40134 0.928048
0.41137 0.924806
0.42140 0.921519
0.43144 0.918189
0.44147 0.914818
0.45151 0.911407
0.46154 0.907959
0.47157 0.904476
0.48161 0.900958
0.49164 0.897408
0.50167 0.893829
0.51171 0.890220
0.52174 0.886585
0.53177 0.882924
0.54181 0.879241
0.55184 0.875535
0.56187 0.871809
0.57191 0.868064
0.58194 0.864303
0.59197 0.860525
0.60201 0.856734
0.61204 0.852929
0.62207 0.849113
0.63211 0.845287
0.64214 0.841453
0.65217 0.837611
0.66221 0.833762
0.67224 0.829909
0.68227 0.826052
0.69231 0.822192
0.70234 0.818331
0.71237 0.814469
0.72241 0.810608
0.73244 0.806748
0.74247 0.802891
0.75251 0.799037
0.76254 0.795187
0.77258 0.791343
0.78261 0.787505
0.79264 0.783674
0.80268 0.779850
0.81271 0.776035
0.82274 0.772228
0.83278 0.768432
0.84281 0.764646
0.85284 0.760871
0.86288 0.757108
0.87291 0.753357
0.88294 0.749618
0.89298 0.745893
0.90301 0.742182
0.91304 0.738485
0.92308 0.734803
0.93311 0.731137
0.94314 0.727485
0.95318 0.723850
0.96321 0.720231
0.97324 0.716629
0.98328 0.713044
0.99331 0.709476
1.00334 0.705925
1.01338 0.702393
1.02341 0.698879
1.03344 0.695383
1.04348 0.691905
1.05351 0.688447
1.06355 0.685007
1.07358 0.681587
1.08361 0.678186
1.09365 0.674804
1.10368 0.671442
1.11371 0.668100
1.12375 0.664778
1.13378 0.661475
1.14381 0.658193
1.15385 0.654931
1.16388 0.651688
1.17391 0.648466
1.18395 0.645265
1.19398 0.642083
1.20401 0.638922
1.21405 0.635782
1.22408 0.632661
1.23411 0.629562
1.24415 0.626482
1.25418 0.623423
1.26421 0.620384
1.27425 0.617366
1.28428 0.614367
1.29431 0.611389
1.30435 0.608432
1.31438 0.605494
1.32441 0.602576
1.33445 0.599679
1.34448 0.596802
1.35452 0.593944
1.36455 0.591107
1.37458 0.588289
1.38462 0.585491
1.39465 0.582712
1.40468 0.579953
1.41472 0.577214
1.42475 0.574494
1.43478 0.571793
1.44482 0.569111
1.45485 0.566448
1.46488 0.563805
1.47492 0.561180
1.48495 0.558574
1.49498 0.555987
1.50502 0.553418
1.51505 0.550868
1.52508 0.548336
1.53512 0.545822
1.54515 0.543327
1.55518 0.540849
1.56522 0.538389
1.57525 0.535947
1.58528 0.533523
1.59532 0.531116
1.60535 0.528727
1.61538 0.526355
1.62542 0.524000
1.63545 0.521662
1.64548 0.519341
1.65552 0.517036
1.66555 0.514749
1.67559 0.512478
1.68562 0.510223
1.69565 0.507985
1.70569 0.505763
1.71572 0.503557
1.72575 0.501367
1.73579 0.499192
1.74582 0.497034
1.75585 0.494891
1.76589 0.492763
1.77592 0.490651
1.78595 0.488554
1.79599 0.486472
1.80602 0.484404
1.81605 0.482352
1.82609 0.480315
1.83612 0.478292
1.84615 0.476283
1.85619 0.474289
1.86622 0.472309
1.87625 0.470343
1.88629 0.468391
1.89632 0.466454
1.90635 0.464529
1.91639 0.462619
1.92642 0.460722
1.93645 0.458838
1.94649 0.456968
1.95652 0.455111
1.96656 0.453267
1.97659 0.451436
1.98662 0.449618
1.99666 0.447813
2.00669 0.446020
2.01672 0.444240
2.02676 0.442472
2.03679 0.440716
2.04682 0.438973
2.05686 0.437242
2.06689 0.435523
2.07692 0.433816
2.08696 0.432120
2.09699 0.430436
2.10702 0.428764
2.11706 0.427104
2.12709 0.425454
2.13712 0.423816
2.14716 0.422190
2.15719 0.420574
2.16722 0.418969
2.17726 0.417376
2.18729 0.415793
2.19732 0.414220
2.20736 0.412659
2.21739 0.411108
2.22742 0.409567
2.23746 0.408037
2.24749 0.406517
2.25753 0.405007
2.26756 0.403507
2.27759 0.402018
2.28763 0.400538
2.29766 0.399068
2.30769 0.397607
2.31773 0.396157
2.32776 0.394716
2.33779 0.393284
2.34783 0.391862
2.35786 0.390449
2.36789 0.389046
2.37793 0.387651
2.38796 0.386266
2.39799 0.384890
2.40803 0.383522
2.41806 0.382164
2.42809 0.380814
2.43813 0.379473
2.44816 0.378140
2.45819 0.376816
2.46823 0.375501
2.47826 0.374194
2.48829 0.372895
2.49833 0.371605
2.50836 0.370323
2.51839 0.369049
2.52843 0.367783
2.53846 0.366525
2.54849 0.365274
2.55853 0.364032
2.56856 0.362798
2.57860 0.361571
2.58863 0.360352
2.59866 0.359140
2.60870 0.357936
2.61873 0.356739
2.62876 0.355550
2.63880 0.354368
2.64883 0.353194
2.65886 0.352026
2.66890 0.350866
2.67893 0.349713
2.68896 0.348567
2.69900 0.347428
2.70903 0.346296
2.71906 0.345170
2.72910 0.344052
2.73913 0.342940
2.74916 0.341835
2.75920 0.340736
2.76923 0.339644
2.77926 0.338559
2.78930 0.337480
2.79933 0.336408
2.80936 0.335342
2.81940 0.334282
2.82943 0.333228
2.83946 0.332181
2.84950 0.331140
2.85953 0.330105
2.86957 0.329076
2.87960 0.328052
2.88963 0.327035
2.89967 0.326024
2.90970 0.325019
2.91973 0.324020
2.92977 0.323026
2.93980 0.322038
2.94983 0.321056
2.95987 0.320079
2.96990 0.319108
2.97993 0.318142
2.98997 0.317182
3.00000 0.316228
