w mag
0.00000 1.000000
0.01003 1.000000
0.02007 1.000000
0.03010 1.000000
0.04013 0.999999
0.05017 0.999997
0.06020 0.999993
0.07023 0.999988
0.08027 0.999979
0.09030 0.999967
0.10033 0.999949
0.11037 0.999926
0.12040 0.999895
0.13043 0.999855
0.14047 0.999805
0.15050 0.999744
0.16054 0.999668
0.17057 0.999577
0.18060 0.999468
0.19064 0.999340
0.20067 0.999190
0.21070 0.999016
0.22074 0.998815
0.23077 0.998585
0.24080 0.998323
0.25084 0.998026
0.26087 0.997692
0.27090 0.997318
0.28094 0.996900
0.29097 0.996435
0.30100 0.995921
0.31104 0.995353
0.32107 0.994729
0.33110 0.994044
0.34114 0.993296
0.35117 0.992482
0.36120 0.991596
0.37124 0.990636
0.38127 0.989599
0.39130 0.988479
0.40134 0.987275
0.41137 0.985982
0.42140 0.984596
0.43144 0.983114
0.44147 0.981532
0.45151 0.979847
0.46154 0.978056
0.47157 0.976154
0.48161 0.974140
0.49164 0.972009
0.50167 0.969759
0.51171 0.967387
0.52174 0.964890
0.53177 0.962266
0.54181 0.959512
0.55184 0.956626
0.56187 0.953607
0.57191 0.950452
0.58194 0.947161
0.59197 0.943731
0.60201 0.940163
0.61204 0.936454
0.62207 0.932606
0.63211 0.928618
0.64214 0.924489
0.65217 0.920221
0.66221 0.915814
0.67224 0.911270
0.68227 0.906589
0.69231 0.901773
0.70234 0.896824
0.71237 0.891744
0.72241 0.886536
0.73244 0.881202
0.74247 0.875746
0.75251 0.870171
0.76254 0.864479
0.77258 0.858675
0.78261 0.852763
0.79264 0.846747
0.80268 0.840631
0.81271 0.834419
0.82274 0.828116
0.83278 0.821727
0.84281 0.815257
0.85284 0.808710
0.86288 0.802091
0.87291 0.795406
0.88294 0.788660
0.89298 0.781857
0.90301 0.775003
0.91304 0.768102
0.92308 0.761161
0.93311 0.754183
0.94314 0.747175
0.95318 0.740140
0.96321 0.733085
0.97324 0.726012
0.98328 0.718928
0.99331 0.711836
1.00334 0.704742
1.01338 0.697649
1.02341 0.690561
1.03344 0.683483
1.04348 0.676419
1.05351 0.669372
1.06355 0.662346
1.07358 0.655344
1.08361 0.648370
1.09365 0.641426
1.10368 0.634517
1.11371 0.627643
1.12375 0.620810
1.13378 0.614018
1.14381 0.607270
1.15385 0.600568
1.16388 0.593916
1.17391 0.587313
1.18395 0.580763
1.19398 0.574267
1.20401 0.567826
1.21405 0.561443
1.22408 0.555117
1.23411 0.548851
1.24415 0.542645
1.25418 0.536501
1.26421 0.530419
1.27425 0.524400
1.28428 0.518445
1.29431 0.512554
1.30435 0.506727
1.31438 0.500966
1.32441 0.495269
1.33445 0.489639
1.34448 0.484074
1.35452 0.478575
1.36455 0.473142
1.37458 0.467774
1.38462 0.462472
1.39465 0.457236
1.40468 0.452065
1.41472 0.446960
1.42475 0.441919
1.43478 0.436942
1.44482 0.432030
1.45485 0.427181
1.46488 0.422396
1.47492 0.417673
1.48495 0.413013
1.49498 0.408415
1.50502 0.403878
1.51505 0.399401
1.52508 0.394985
1.53512 0.390628
1.54515 0.386331
1.55518 0.382091
1.56522 0.377909
1.57525 0.373785
1.58528 0.369717
1.59532 0.365704
1.60535 0.361747
1.61538 0.357844
1.62542 0.353994
1.63545 0.350198
1.64548 0.346454
1.65552 0.342762
1.66555 0.339121
1.67559 0.335530
1.68562 0.331989
1.69565 0.328497
1.70569 0.325053
1.71572 0.321656
1.72575 0.318307
1.73579 0.315003
1.74582 0.311746
1.75585 0.308533
1.76589 0.305365
1.77592 0.302240
1.78595 0.299158
1.79599 0.296119
1.80602 0.293121
1.81605 0.290164
1.82609 0.287248
1.83612 0.284372
1.84615 0.281535
1.85619 0.278737
1.86622 0.275976
1.87625 0.273253
1.88629 0.270567
1.89632 0.267918
1.90635 0.265304
1.91639 0.262725
1.92642 0.260182
1.93645 0.257672
1.94649 0.255196
1.95652 0.252753
1.96656 0.250342
1.97659 0.247964
1.98662 0.245617
1.99666 0.243301
2.00669 0.241015
2.01672 0.238760
2.02676 0.236535
2.03679 0.234338
2.04682 0.232171
2.05686 0.230031
2.06689 0.227920
2.07692 0.225835
2.08696 0.223778
2.09699 0.221747
2.10702 0.219743
2.11706 0.217764
2.12709 0.215810
2.13712 0.213881
2.14716 0.211977
2.15719 0.210097
2.16722 0.208241
2.17726 0.206408
2.18729 0.204598
2.19732 0.202811
2.20736 0.201046
2.21739 0.199303
2.22742 0.197582
2.23746 0.195882
2.24749 0.194203
2.25753 0.192545
2.26756 0.190907
2.27759 0.189289
2.28763 0.187691
2.29766 0.186112
2.30769 0.184552
2.31773 0.183011
2.32776 0.181489
2.33779 0.179985
2.34783 0.178499
2.35786 0.177031
2.36789 0.175580
2.37793 0.174147
2.38796 0.172730
2.39799 0.171330
2.40803 0.169947
2.41806 0.168580
2.42809 0.167228
2.43813 0.165893
2.44816 0.164573
2.45819 0.163268
2.46823 0.161978
2.47826 0.160703
2.48829 0.159443
2.49833 0.158197
2.50836 0.156965
2.51839 0.155747
2.52843 0.154543
2.53846 0.153353
2.54849 0.152175
2.55853 0.151012
2.56856 0.149861
2.57860 0.148723
2.58863 0.147597
2.59866 0.146484
2.60870 0.145383
2.61873 0.144295
2.62876 0.143218
2.63880 0.142153
2.64883 0.141099
2.65886 0.140057
2.66890 0.139027
2.67893 0.138007
2.68896 0.136999
2.69900 0.136001
2.70903 0.135014
2.71906 0.134037
2.72910 0.133071
2.73913 0.132115
2.74916 0.131169
2.75920 0.130233
2.76923 0.129306
2.77926 0.128390
2.78930 0.127483
2.79933 0.126585
2.80936 0.125697
2.81940 0.124818
2.82943 0.123948
2.83946 0.123087
2.84950 0.122235
2.85953 0.121391
2.86957 0.120556
2.87960 0.119729
2.88963 0.118911
2.89967 0.118101
2.90970 0.117299
2.91973 0.116505
2.92977 0.115720
2.93980 0.114941
2.94983 0.114171
2.95987 0.113408
2.96990 0.112653
2.97993 0.111905
2.98997 0.111165
3.00000 0.110432
