w mag
0.00000 0.794328
0.00501 0.794387
0.01003 0.794564
0.01504 0.794858
0.02005 0.795271
0.02506 0.795801
0.03008 0.796448
0.03509 0.797213
0.04010 0.798096
0.04511 0.799095
0.05013 0.800211
0.05514 0.801445
0.06015 0.802794
0.06516 0.804259
0.07018 0.805840
0.07519 0.807537
0.08020 0.809348
0.08521 0.811273
0.09023 0.813312
0.09524 0.815463
0.10025 0.817726
0.10526 0.820101
0.11028 0.822586
0.11529 0.825179
0.12030 0.827880
0.12531 0.830688
0.13033 0.833600
0.13534 0.836615
0.14035 0.839732
0.14536 0.842947
0.15038 0.846259
0.15539 0.849666
0.16040 0.853165
0.16541 0.856752
0.17043 0.860425
0.17544 0.864180
0.18045 0.868013
0.18546 0.871921
0.19048 0.875898
0.19549 0.879941
0.20050 0.884044
0.20551 0.888201
0.21053 0.892408
0.21554 0.896657
0.22055 0.900942
0.22556 0.905257
0.23058 0.909594
0.23559 0.913944
0.24060 0.918300
0.24561 0.922654
0.25063 0.926995
0.25564 0.931315
0.26065 0.935603
0.26566 0.939850
0.27068 0.944045
0.27569 0.948177
0.28070 0.952234
0.28571 0.956205
0.29073 0.960078
0.29574 0.963842
0.30075 0.967484
0.30576 0.970992
0.31078 0.974355
0.31579 0.977559
0.32080 0.980594
0.32581 0.983447
0.33083 0.986108
0.33584 0.988564
0.34085 0.990806
0.34586 0.992824
0.35088 0.994608
0.35589 0.996150
0.36090 0.997441
0.36591 0.998476
0.37093 0.999248
0.37594 0.999752
0.38095 0.999984
0.38596 0.999941
0.39098 0.999622
0.39599 0.999026
0.40100 0.998154
0.40602 0.997007
0.41103 0.995590
0.41604 0.993904
0.42105 0.991957
0.42607 0.989755
0.43108 0.987304
0.43609 0.984613
0.44110 0.981691
0.44612 0.978549
0.45113 0.975196
0.45614 0.971645
0.46115 0.967907
0.46617 0.963995
0.47118 0.959922
0.47619 0.955701
0.48120 0.951344
0.48622 0.946867
0.49123 0.942282
0.49624 0.937603
0.50125 0.932843
0.50627 0.928016
0.51128 0.923136
0.51629 0.918215
0.52130 0.913265
0.52632 0.908300
0.53133 0.903332
0.53634 0.898372
0.54135 0.893431
0.54637 0.888520
0.55138 0.883651
0.55639 0.878832
0.56140 0.874074
0.56642 0.869387
0.57143 0.864778
0.57644 0.860257
0.58145 0.855831
0.58647 0.851508
0.59148 0.847296
0.59649 0.843202
0.60150 0.839233
0.60652 0.835394
0.61153 0.831692
0.61654 0.828133
0.62155 0.824723
0.62657 0.821467
0.63158 0.818371
0.63659 0.815439
0.64160 0.812677
0.64662 0.810089
0.65163 0.807680
0.65664 0.805455
0.66165 0.803418
0.66667 0.801575
0.67168 0.799929
0.67669 0.798485
0.68170 0.797249
0.68672 0.796223
0.69173 0.795414
0.69674 0.794825
0.70175 0.794462
0.70677 0.794329
0.71178 0.794431
0.71679 0.794774
0.72180 0.795363
0.72682 0.796202
0.73183 0.797298
0.73684 0.798655
0.74185 0.800279
0.74687 0.802176
0.75188 0.804351
0.75689 0.806810
0.76190 0.809558
0.76692 0.812601
0.77193 0.815944
0.77694 0.819591
0.78195 0.823548
0.78697 0.827819
0.79198 0.832406
0.79699 0.837312
0.80201 0.842539
0.80702 0.848087
0.81203 0.853953
0.81704 0.860135
0.82206 0.866626
0.82707 0.873416
0.83208 0.880494
0.83709 0.887842
0.84211 0.895439
0.84712 0.903256
0.85213 0.911260
0.85714 0.919408
0.86216 0.927650
0.86717 0.935926
0.87218 0.944163
0.87719 0.952281
0.88221 0.960181
0.88722 0.967756
0.89223 0.974884
0.89724 0.981428
0.90226 0.987240
0.90727 0.992163
0.91228 0.996031
0.91729 0.998673
0.92231 0.999922
0.92732 0.999614
0.93233 0.997602
0.93734 0.993758
0.94236 0.987982
0.94737 0.980207
0.95238 0.970405
0.95739 0.958591
0.96241 0.944824
0.96742 0.929201
0.97243 0.911861
0.97744 0.892974
0.98246 0.872732
0.98747 0.851349
0.99248 0.829042
0.99749 0.806031
1.00251 0.782529
1.00752 0.758737
1.01253 0.734841
1.01754 0.711004
1.02256 0.687372
1.02757 0.664068
1.03258 0.641195
1.03759 0.618836
1.04261 0.597058
1.04762 0.575910
1.05263 0.555426
1.05764 0.535632
1.06266 0.516539
1.06767 0.498152
1.07268 0.480469
1.07769 0.463481
1.08271 0.447175
1.08772 0.431535
1.09273 0.416543
1.09774 0.402177
1.10276 0.388415
1.10777 0.375236
1.11278 0.362614
1.11779 0.350529
1.12281 0.338955
1.12782 0.327871
1.13283 0.317254
1.13784 0.307083
1.14286 0.297338
1.14787 0.287997
1.15288 0.279043
1.15789 0.270455
1.16291 0.262218
1.16792 0.254314
1.17293 0.246727
1.17794 0.239442
1.18296 0.232444
1.18797 0.225720
1.19298 0.219257
1.19799 0.213042
1.20301 0.207064
1.20802 0.201311
1.21303 0.195774
1.21805 0.190442
1.22306 0.185305
1.22807 0.180355
1.23308 0.175584
1.23810 0.170982
1.24311 0.166544
1.24812 0.162261
1.25313 0.158126
1.25815 0.154134
1.26316 0.150278
1.26817 0.146552
1.27318 0.142950
1.27820 0.139468
1.28321 0.136100
1.28822 0.132842
1.29323 0.129689
1.29825 0.126637
1.30326 0.123681
1.30827 0.120818
1.31328 0.118045
1.31830 0.115357
1.32331 0.112751
1.32832 0.110225
1.33333 0.107774
1.33835 0.105397
1.34336 0.103090
1.34837 0.100851
1.35338 0.098677
1.35840 0.096566
1.36341 0.094515
1.36842 0.092523
1.37343 0.090586
1.37845 0.088704
1.38346 0.086875
1.38847 0.085095
1.39348 0.083365
1.39850 0.081681
1.40351 0.080043
1.40852 0.078448
1.41353 0.076896
1.41855 0.075385
1.42356 0.073913
1.42857 0.072480
1.43358 0.071083
1.43860 0.069722
1.44361 0.068396
1.44862 0.067104
1.45363 0.065844
1.45865 0.064615
1.46366 0.063416
1.46867 0.062247
1.47368 0.061107
1.47870 0.059994
1.48371 0.058909
1.48872 0.057849
1.49373 0.056814
1.49875 0.055804
1.50376 0.054817
1.50877 0.053854
1.51378 0.052913
1.51880 0.051993
1.52381 0.051095
1.52882 0.050217
1.53383 0.049359
1.53885 0.048520
1.54386 0.047701
1.54887 0.046899
1.55388 0.046115
1.55890 0.045348
1.56391 0.044598
1.56892 0.043864
1.57393 0.043147
1.57895 0.042444
1.58396 0.041757
1.58897 0.041084
1.59398 0.040425
1.59900 0.039781
1.60401 0.039149
1.60902 0.038531
1.61404 0.037926
1.61905 0.037333
1.62406 0.036752
1.62907 0.036183
1.63409 0.035626
1.63910 0.035080
1.64411 0.034544
1.64912 0.034020
1.65414 0.033505
1.65915 0.033001
1.66416 0.032507
1.66917 0.032023
1.67419 0.031548
1.67920 0.031082
1.68421 0.030625
1.68922 0.030176
1.69424 0.029737
1.69925 0.029305
1.70426 0.028882
1.70927 0.028467
1.71429 0.028060
1.71930 0.027660
1.72431 0.027267
1.72932 0.026882
1.73434 0.026504
1.73935 0.026133
1.74436 0.025768
1.74937 0.025410
1.75439 0.025059
1.75940 0.024714
1.76441 0.024375
1.76942 0.024042
1.77444 0.023715
1.77945 0.023393
1.78446 0.023078
1.78947 0.022768
1.79449 0.022463
1.79950 0.022163
1.80451 0.021869
1.80952 0.021580
1.81454 0.021296
1.81955 0.021016
1.82456 0.020742
1.82957 0.020472
1.83459 0.020206
1.83960 0.019945
1.84461 0.019688
1.84962 0.019436
1.85464 0.019188
1.85965 0.018943
1.86466 0.018703
1.86967 0.018467
1.87469 0.018235
1.87970 0.018006
1.88471 0.017781
1.88972 0.017560
1.89474 0.017342
1.89975 0.017128
1.90476 0.016917
1.90977 0.016710
1.91479 0.016505
1.91980 0.016304
1.92481 0.016107
1.92982 0.015912
1.93484 0.015720
1.93985 0.015531
1.94486 0.015346
1.94987 0.015163
1.95489 0.014982
1.95990 0.014805
1.96491 0.014630
1.96992 0.014458
1.97494 0.014289
1.97995 0.014122
1.98496 0.013957
1.98997 0.013795
1.99499 0.013636
2.00000 0.013479
