w mag
0.00100 1.000000
0.01353 1.000092
0.02606 1.000339
0.03859 1.000744
0.05112 1.001306
0.06364 1.002023
0.07617 1.002897
0.08870 1.003926
0.10123 1.005110
0.11376 1.006449
0.12629 1.007941
0.13882 1.009585
0.15135 1.011382
0.16387 1.013329
0.17640 1.015425
0.18893 1.017668
0.20146 1.020057
0.21399 1.022590
0.22652 1.025265
0.23905 1.028079
0.25158 1.031029
0.26411 1.034113
0.27663 1.037325
0.28916 1.040664
0.30169 1.044124
0.31422 1.047701
0.32675 1.051389
0.33928 1.055183
0.35181 1.059076
0.36434 1.063060
0.37686 1.067129
0.38939 1.071273
0.40192 1.075484
0.41445 1.079750
0.42698 1.084062
0.43951 1.088407
0.45204 1.092772
0.46457 1.097142
0.47710 1.101504
0.48962 1.105840
0.50215 1.110134
0.51468 1.114367
0.52721 1.118519
0.53974 1.122570
0.55227 1.126497
0.56480 1.130277
0.57733 1.133887
0.58985 1.137300
0.60238 1.140491
0.61491 1.143432
0.62744 1.146096
0.63997 1.148455
0.65250 1.150480
0.66503 1.152143
0.67756 1.153414
0.69009 1.154265
0.70261 1.154670
0.71514 1.154600
0.72767 1.154031
0.74020 1.152939
0.75273 1.151301
0.76526 1.149098
0.77779 1.146313
0.79032 1.142932
0.80284 1.138942
0.81537 1.134337
0.82790 1.129110
0.84043 1.123262
0.85296 1.116796
0.86549 1.109717
0.87802 1.102036
0.89055 1.093767
0.90308 1.084928
0.91560 1.075538
0.92813 1.065621
0.94066 1.055204
0.95319 1.044315
0.96572 1.032986
0.97825 1.021248
0.99078 1.009136
1.00331 0.996683
1.01583 0.983927
1.02836 0.970901
1.04089 0.957641
1.05342 0.944183
1.06595 0.930560
1.07848 0.916805
1.09101 0.902951
1.10354 0.889029
1.11607 0.875067
1.12859 0.861094
1.14112 0.847134
1.15365 0.833213
1.16618 0.819353
1.17871 0.805574
1.19124 0.791895
1.20377 0.778333
1.21630 0.764903
1.22882 0.751621
1.24135 0.738496
1.25388 0.725542
1.26641 0.712766
1.27894 0.700177
1.29147 0.687782
1.30400 0.675586
1.31653 0.663594
1.32906 0.651810
1.34158 0.640236
1.35411 0.628875
1.36664 0.617728
1.37917 0.606795
1.39170 0.596076
1.40423 0.585571
1.41676 0.575278
1.42929 0.565196
1.44181 0.555324
1.45434 0.545659
1.46687 0.536198
1.47940 0.526939
1.49193 0.517879
1.50446 0.509015
1.51699 0.500344
1.52952 0.491861
1.54205 0.483565
1.55457 0.475450
1.56710 0.467515
1.57963 0.459754
1.59216 0.452164
1.60469 0.444742
1.61722 0.437483
1.62975 0.430385
1.64228 0.423443
1.65480 0.416655
1.66733 0.410015
1.67986 0.403521
1.69239 0.397170
1.70492 0.390958
1.71745 0.384881
1.72998 0.378936
1.74251 0.373120
1.75504 0.367429
1.76756 0.361862
1.78009 0.356413
1.79262 0.351082
1.80515 0.345864
1.81768 0.340756
1.83021 0.335756
1.84274 0.330862
1.85527 0.326070
1.86779 0.321378
1.88032 0.316783
1.89285 0.312283
1.90538 0.307876
1.91791 0.303559
1.93044 0.299330
1.94297 0.295187
1.95550 0.291127
1.96803 0.287148
1.98055 0.283249
1.99308 0.279428
2.00561 0.275681
2.01814 0.272009
2.03067 0.268408
2.04320 0.264878
2.05573 0.261415
2.06826 0.258019
2.08078 0.254689
2.09331 0.251421
2.10584 0.248216
2.11837 0.245071
2.13090 0.241984
2.14343 0.238956
2.15596 0.235983
2.16849 0.233065
2.18102 0.230201
2.19354 0.227389
2.20607 0.224628
2.21860 0.221917
2.23113 0.219254
2.24366 0.216639
2.25619 0.214070
2.26872 0.211547
2.28125 0.209068
2.29377 0.206632
2.30630 0.204239
2.31883 0.201887
2.33136 0.199575
2.34389 0.197303
2.35642 0.195069
2.36895 0.192873
2.38148 0.190714
2.39401 0.188592
2.40653 0.186504
2.41906 0.184451
2.43159 0.182432
2.44412 0.180446
2.45665 0.178493
2.46918 0.176571
2.48171 0.174680
2.49424 0.172819
2.50676 0.170989
2.51929 0.169187
2.53182 0.167413
2.54435 0.165668
2.55688 0.163950
2.56941 0.162258
2.58194 0.160593
2.59447 0.158954
2.60699 0.157339
2.61952 0.155749
2.63205 0.154183
2.64458 0.152641
2.65711 0.151122
2.66964 0.149626
2.68217 0.148152
2.69470 0.146700
2.70723 0.145269
2.71975 0.143860
2.73228 0.142470
2.74481 0.141101
2.75734 0.139752
2.76987 0.138422
2.78240 0.137111
2.79493 0.135819
2.80746 0.134545
2.81998 0.133290
2.83251 0.132051
2.84504 0.130830
2.85757 0.129626
2.87010 0.128439
2.88263 0.127268
2.89516 0.126113
2.90769 0.124974
2.92022 0.123851
2.93274 0.122742
2.94527 0.121649
2.95780 0.120570
2.97033 0.119506
2.98286 0.118455
2.99539 0.117419
3.00792 0.116396
3.02045 0.115387
3.03297 0.114391
3.04550 0.113408
3.05803 0.112438
3.07056 0.111480
3.08309 0.110534
3.09562 0.109600
3.10815 0.108679
3.12068 0.107769
3.13321 0.106870
3.14573 0.105983
3.15826 0.105107
3.17079 0.104242
3.18332 0.103387
3.19585 0.102543
3.20838 0.101710
3.22091 0.100886
3.23344 0.100073
3.24596 0.099270
3.25849 0.098476
3.27102 0.097692
3.28355 0.096917
3.29608 0.096151
3.30861 0.095395
3.32114 0.094648
3.33367 0.093909
3.34620 0.093179
3.35872 0.092458
3.37125 0.091745
3.38378 0.091040
3.39631 0.090344
3.40884 0.089655
3.42137 0.088974
3.43390 0.088302
3.44643 0.087637
3.45895 0.086979
3.47148 0.086329
3.48401 0.085686
3.49654 0.085050
3.50907 0.084422
3.52160 0.083800
3.53413 0.083186
3.54666 0.082578
3.55919 0.081977
3.57171 0.081382
3.58424 0.080794
3.59677 0.080213
3.60930 0.079637
3.62183 0.079068
3.63436 0.078505
3.64689 0.077948
3.65942 0.077397
3.67194 0.076852
3.68447 0.076313
3.69700 0.075779
3.70953 0.075251
3.72206 0.074728
3.73459 0.074211
3.74712 0.073700
3.75965 0.073193
3.77218 0.072692
3.78470 0.072197
3.79723 0.071706
3.80976 0.071220
3.82229 0.070739
3.83482 0.070263
3.84735 0.069792
3.85988 0.069326
3.87241 0.068864
3.88493 0.068407
3.89746 0.067955
3.90999 0.067507
3.92252 0.067063
3.93505 0.066624
3.94758 0.066189
3.96011 0.065759
3.97264 0.065332
3.98517 0.064910
3.99769 0.064492
4.01022 0.064078
4.02275 0.063668
4.03528 0.063262
4.04781 0.062860
4.06034 0.062462
4.07287 0.062067
4.08540 0.061677
4.09792 0.061290
4.11045 0.060906
4.12298 0.060526
4.13551 0.060150
4.14804 0.059778
4.16057 0.059408
4.17310 0.059043
4.18563 0.058680
4.19816 0.058321
4.21068 0.057966
4.22321 0.057613
4.23574 0.057264
4.24827 0.056918
4.26080 0.056575
4.27333 0.056235
4.28586 0.055899
4.29839 0.055565
4.31091 0.055234
4.32344 0.054907
4.33597 0.054582
4.34850 0.054260
4.36103 0.053941
4.37356 0.053625
4.38609 0.053311
4.39862 0.053001
4.41115 0.052693
4.42367 0.052387
4.43620 0.052085
4.44873 0.051785
4.46126 0.051488
4.47379 0.051193
4.48632 0.050901
4.49885 0.050611
4.51138 0.050324
4.52390 0.050039
4.53643 0.049756
4.54896 0.049476
4.56149 0.049199
4.57402 0.048924
4.58655 0.048651
4.59908 0.048380
4.61161 0.048112
4.62414 0.047846
4.63666 0.047582
4.64919 0.047320
4.66172 0.047060
4.67425 0.046803
4.68678 0.046548
4.69931 0.046294
4.71184 0.046043
4.72437 0.045794
4.73689 0.045547
4.74942 0.045302
4.76195 0.045059
4.77448 0.044818
4.78701 0.044579
4.79954 0.044342
4.81207 0.044106
4.82460 0.043873
4.83713 0.043641
4.84965 0.043411
4.86218 0.043183
4.87471 0.042957
4.88724 0.042733
4.89977 0.042510
4.91230 0.042289
4.92483 0.042070
4.93736 0.041853
4.94988 0.041637
4.96241 0.041423
4.97494 0.041211
4.98747 0.041000
5.00000 0.040791
