w mag
0.00100 0.001000
0.01353 0.013530
0.02606 0.026066
0.03859 0.038615
0.05112 0.051182
0.06364 0.063773
0.07617 0.076394
0.08870 0.089050
0.10123 0.101748
0.11376 0.114493
0.12629 0.127291
0.13882 0.140148
0.15135 0.153068
0.16387 0.166059
0.17640 0.179124
0.18893 0.192270
0.20146 0.205502
0.21399 0.218824
0.22652 0.232242
0.23905 0.245760
0.25158 0.259383
0.26411 0.273115
0.27663 0.286960
0.28916 0.300921
0.30169 0.315004
0.31422 0.329209
0.32675 0.343541
0.33928 0.358001
0.35181 0.372590
0.36434 0.387311
0.37686 0.402163
0.38939 0.417147
0.40192 0.432261
0.41445 0.447504
0.42698 0.462873
0.43951 0.478364
0.45204 0.493974
0.46457 0.509695
0.47710 0.525522
0.48962 0.541446
0.50215 0.557457
0.51468 0.573544
0.52721 0.589695
0.53974 0.605895
0.55227 0.622128
0.56480 0.638377
0.57733 0.654622
0.58985 0.670842
0.60238 0.687013
0.61491 0.703110
0.62744 0.719108
0.63997 0.734977
0.65250 0.750687
0.66503 0.766207
0.67756 0.781503
0.69009 0.796541
0.70261 0.811287
0.71514 0.825704
0.72767 0.839756
0.74020 0.853406
0.75273 0.866618
0.76526 0.879357
0.77779 0.891588
0.79032 0.903277
0.80284 0.914394
0.81537 0.924908
0.82790 0.934793
0.84043 0.944025
0.85296 0.952582
0.86549 0.960448
0.87802 0.967607
0.89055 0.974051
0.90308 0.979771
0.91560 0.984767
0.92813 0.989038
0.94066 0.992590
0.95319 0.995431
0.96572 0.997574
0.97825 0.999034
0.99078 0.999828
1.00331 0.999978
1.01583 0.999507
1.02836 0.998439
1.04089 0.996801
1.05342 0.994622
1.06595 0.991930
1.07848 0.988755
1.09101 0.985127
1.10354 0.981076
1.11607 0.976632
1.12859 0.971825
1.14112 0.966684
1.15365 0.961238
1.16618 0.955513
1.17871 0.949537
1.19124 0.943335
1.20377 0.936931
1.21630 0.930349
1.22882 0.923610
1.24135 0.916735
1.25388 0.909744
1.26641 0.902655
1.27894 0.895484
1.29147 0.888248
1.30400 0.880962
1.31653 0.873639
1.32906 0.866291
1.34158 0.858931
1.35411 0.851568
1.36664 0.844213
1.37917 0.836873
1.39170 0.829558
1.40423 0.822275
1.41676 0.815029
1.42929 0.807827
1.44181 0.800674
1.45434 0.793575
1.46687 0.786534
1.47940 0.779554
1.49193 0.772640
1.50446 0.765792
1.51699 0.759015
1.52952 0.752310
1.54205 0.745679
1.55457 0.739123
1.56710 0.732643
1.57963 0.726241
1.59216 0.719917
1.60469 0.713672
1.61722 0.707506
1.62975 0.701418
1.64228 0.695411
1.65480 0.689482
1.66733 0.683632
1.67986 0.677860
1.69239 0.672167
1.70492 0.666551
1.71745 0.661013
1.72998 0.655550
1.74251 0.650164
1.75504 0.644852
1.76756 0.639614
1.78009 0.634449
1.79262 0.629357
1.80515 0.624336
1.81768 0.619385
1.83021 0.614504
1.84274 0.609691
1.85527 0.604946
1.86779 0.600268
1.88032 0.595655
1.89285 0.591106
1.90538 0.586622
1.91791 0.582199
1.93044 0.577838
1.94297 0.573538
1.95550 0.569297
1.96803 0.565115
1.98055 0.560990
1.99308 0.556922
2.00561 0.552910
2.01814 0.548952
2.03067 0.545048
2.04320 0.541197
2.05573 0.537398
2.06826 0.533650
2.08078 0.529952
2.09331 0.526303
2.10584 0.522703
2.11837 0.519151
2.13090 0.515645
2.14343 0.512185
2.15596 0.508770
2.16849 0.505399
2.18102 0.502072
2.19354 0.498788
2.20607 0.495546
2.21860 0.492345
2.23113 0.489185
2.24366 0.486064
2.25619 0.482983
2.26872 0.479940
2.28125 0.476935
2.29377 0.473967
2.30630 0.471036
2.31883 0.468141
2.33136 0.465281
2.34389 0.462456
2.35642 0.459664
2.36895 0.456907
2.38148 0.454182
2.39401 0.451490
2.40653 0.448829
2.41906 0.446200
2.43159 0.443601
2.44412 0.441033
2.45665 0.438494
2.46918 0.435985
2.48171 0.433505
2.49424 0.431052
2.50676 0.428628
2.51929 0.426231
2.53182 0.423861
2.54435 0.421517
2.55688 0.419200
2.56941 0.416908
2.58194 0.414641
2.59447 0.412400
2.60699 0.410182
2.61952 0.407989
2.63205 0.405819
2.64458 0.403673
2.65711 0.401549
2.66964 0.399448
2.68217 0.397369
2.69470 0.395312
2.70723 0.393277
2.71975 0.391263
2.73228 0.389269
2.74481 0.387297
2.75734 0.385344
2.76987 0.383411
2.78240 0.381498
2.79493 0.379605
2.80746 0.377730
2.81998 0.375874
2.83251 0.374037
2.84504 0.372218
2.85757 0.370417
2.87010 0.368633
2.88263 0.366867
2.89516 0.365118
2.90769 0.363386
2.92022 0.361671
2.93274 0.359972
2.94527 0.358289
2.95780 0.356622
2.97033 0.354972
2.98286 0.353336
2.99539 0.351716
3.00792 0.350111
3.02045 0.348521
3.03297 0.346945
3.04550 0.345384
3.05803 0.343838
3.07056 0.342305
3.08309 0.340786
3.09562 0.339281
3.10815 0.337790
3.12068 0.336312
3.13321 0.334847
3.14573 0.333394
3.15826 0.331955
3.17079 0.330529
3.18332 0.329115
3.19585 0.327713
3.20838 0.326323
3.22091 0.324945
3.23344 0.323580
3.24596 0.322225
3.25849 0.320883
3.27102 0.319552
3.28355 0.318232
3.29608 0.316923
3.30861 0.315625
3.32114 0.314338
3.33367 0.313061
3.34620 0.311795
3.35872 0.310540
3.37125 0.309295
3.38378 0.308060
3.39631 0.306835
3.40884 0.305620
3.42137 0.304414
3.43390 0.303219
3.44643 0.302033
3.45895 0.300856
3.47148 0.299689
3.48401 0.298531
3.49654 0.297382
3.50907 0.296242
3.52160 0.295111
3.53413 0.293989
3.54666 0.292875
3.55919 0.291770
3.57171 0.290674
3.58424 0.289586
3.59677 0.288506
3.60930 0.287434
3.62183 0.286371
3.63436 0.285315
3.64689 0.284268
3.65942 0.283228
3.67194 0.282196
3.68447 0.281172
3.69700 0.280155
3.70953 0.279146
3.72206 0.278144
3.73459 0.277149
3.74712 0.276162
3.75965 0.275182
3.77218 0.274209
3.78470 0.273242
3.79723 0.272283
3.80976 0.271331
3.82229 0.270385
3.83482 0.269446
3.84735 0.268514
3.85988 0.267589
3.87241 0.266669
3.88493 0.265757
3.89746 0.264850
3.90999 0.263950
3.92252 0.263056
3.93505 0.262168
3.94758 0.261287
3.96011 0.260411
3.97264 0.259542
3.98517 0.258678
3.99769 0.257820
4.01022 0.256968
4.02275 0.256121
4.03528 0.255281
4.04781 0.254446
4.06034 0.253616
4.07287 0.252792
4.08540 0.251973
4.09792 0.251160
4.11045 0.250352
4.12298 0.249550
4.13551 0.248752
4.14804 0.247960
4.16057 0.247173
4.17310 0.246391
4.18563 0.245614
4.19816 0.244842
4.21068 0.244075
4.22321 0.243313
4.23574 0.242555
4.24827 0.241803
4.26080 0.241055
4.27333 0.240312
4.28586 0.239573
4.29839 0.238839
4.31091 0.238110
4.32344 0.237385
4.33597 0.236665
4.34850 0.235949
4.36103 0.235238
4.37356 0.234531
4.38609 0.233828
4.39862 0.233129
4.41115 0.232435
4.42367 0.231745
4.43620 0.231059
4.44873 0.230377
4.46126 0.229699
4.47379 0.229026
4.48632 0.228356
4.49885 0.227690
4.51138 0.227029
4.52390 0.226371
4.53643 0.225717
4.54896 0.225067
4.56149 0.224420
4.57402 0.223778
4.58655 0.223139
4.59908 0.222504
4.61161 0.221872
4.62414 0.221244
4.63666 0.220620
4.64919 0.219999
4.66172 0.219382
4.67425 0.218769
4.68678 0.218159
4.69931 0.217552
4.71184 0.216949
4.72437 0.216349
4.73689 0.215752
4.74942 0.215159
4.76195 0.214569
4.77448 0.213983
4.78701 0.213399
4.79954 0.212819
4.81207 0.212242
4.82460 0.211668
4.83713 0.211098
4.84965 0.210530
4.86218 0.209966
4.87471 0.209404
4.88724 0.208846
4.89977 0.208291
4.91230 0.207739
4.92483 0.207189
4.93736 0.206643
4.94988 0.206099
4.96241 0.205559
4.97494 0.205021
4.98747 0.204486
5.00000 0.203954
