w mag
0.00100 0.999999
0.01353 0.999908
0.02606 0.999660
0.03859 0.999254
0.05112 0.998689
0.06364 0.997964
0.07617 0.997078
0.08870 0.996027
0.10123 0.994810
0.11376 0.993424
0.12629 0.991865
0.13882 0.990131
0.15135 0.988216
0.16387 0.986116
0.17640 0.983826
0.18893 0.981342
0.20146 0.978657
0.21399 0.975764
0.22652 0.972658
0.23905 0.969331
0.25158 0.965775
0.26411 0.961982
0.27663 0.957943
0.28916 0.953649
0.30169 0.949090
0.31422 0.944257
0.32675 0.939138
0.33928 0.933721
0.35181 0.927996
0.36434 0.921949
0.37686 0.915568
0.38939 0.908839
0.40192 0.901749
0.41445 0.894282
0.42698 0.886425
0.43951 0.878161
0.45204 0.869477
0.46457 0.860355
0.47710 0.850780
0.48962 0.840735
0.50215 0.830206
0.51468 0.819174
0.52721 0.807626
0.53974 0.795544
0.55227 0.782915
0.56480 0.769724
0.57733 0.755956
0.58985 0.741601
0.60238 0.726645
0.61491 0.711081
0.62744 0.694898
0.63997 0.678092
0.65250 0.660658
0.66503 0.642594
0.67756 0.623902
0.69009 0.604584
0.70261 0.584648
0.71514 0.564104
0.72767 0.542965
0.74020 0.521247
0.75273 0.498972
0.76526 0.476163
0.77779 0.452848
0.79032 0.429058
0.80284 0.404826
0.81537 0.380191
0.82790 0.355193
0.84043 0.329875
0.85296 0.304282
0.86549 0.278461
0.87802 0.252460
0.89055 0.226330
0.90308 0.200121
0.91560 0.173881
0.92813 0.147663
0.94066 0.121513
0.95319 0.095480
0.96572 0.069609
0.97825 0.043945
0.99078 0.018529
1.00331 0.006600
1.01583 0.031407
1.02836 0.055857
1.04089 0.079922
1.05342 0.103573
1.06595 0.126788
1.07848 0.149546
1.09101 0.171829
1.10354 0.193624
1.11607 0.214918
1.12859 0.235702
1.14112 0.255971
1.15365 0.275720
1.16618 0.294948
1.17871 0.313655
1.19124 0.331842
1.20377 0.349514
1.21630 0.366676
1.22882 0.383334
1.24135 0.399496
1.25388 0.415170
1.26641 0.430366
1.27894 0.445093
1.29147 0.459363
1.30400 0.473187
1.31653 0.486575
1.32906 0.499539
1.34158 0.512092
1.35411 0.524244
1.36664 0.536008
1.37917 0.547396
1.39170 0.558420
1.40423 0.569091
1.41676 0.579420
1.42929 0.589419
1.44181 0.599100
1.45434 0.608472
1.46687 0.617547
1.47940 0.626334
1.49193 0.634845
1.50446 0.643088
1.51699 0.651073
1.52952 0.658809
1.54205 0.666306
1.55457 0.673571
1.56710 0.680613
1.57963 0.687440
1.59216 0.694060
1.60469 0.700480
1.61722 0.706708
1.62975 0.712750
1.64228 0.718613
1.65480 0.724303
1.66733 0.729827
1.67986 0.735191
1.69239 0.740399
1.70492 0.745459
1.71745 0.750375
1.72998 0.755151
1.74251 0.759794
1.75504 0.764308
1.76756 0.768696
1.78009 0.772965
1.79262 0.777117
1.80515 0.781156
1.81768 0.785087
1.83021 0.788914
1.84274 0.792639
1.85527 0.796266
1.86779 0.799799
1.88032 0.803240
1.89285 0.806594
1.90538 0.809861
1.91791 0.813046
1.93044 0.816151
1.94297 0.819179
1.95550 0.822132
1.96803 0.825012
1.98055 0.827822
1.99308 0.830565
2.00561 0.833241
2.01814 0.835854
2.03067 0.838405
2.04320 0.840896
2.05573 0.843329
2.06826 0.845705
2.08078 0.848028
2.09331 0.850297
2.10584 0.852515
2.11837 0.854683
2.13090 0.856803
2.14343 0.858875
2.15596 0.860903
2.16849 0.862886
2.18102 0.864826
2.19354 0.866724
2.20607 0.868582
2.21860 0.870400
2.23113 0.872180
2.24366 0.873923
2.25619 0.875630
2.26872 0.877301
2.28125 0.878938
2.29377 0.880542
2.30630 0.882114
2.31883 0.883654
2.33136 0.885163
2.34389 0.886642
2.35642 0.888093
2.36895 0.889515
2.38148 0.890909
2.39401 0.892276
2.40653 0.893618
2.41906 0.894933
2.43159 0.896224
2.44412 0.897491
2.45665 0.898734
2.46918 0.899954
2.48171 0.901151
2.49424 0.902327
2.50676 0.903481
2.51929 0.904614
2.53182 0.905727
2.54435 0.906820
2.55688 0.907894
2.56941 0.908949
2.58194 0.909985
2.59447 0.911003
2.60699 0.912004
2.61952 0.912987
2.63205 0.913953
2.64458 0.914904
2.65711 0.915838
2.66964 0.916756
2.68217 0.917659
2.69470 0.918547
2.70723 0.919420
2.71975 0.920279
2.73228 0.921124
2.74481 0.921955
2.75734 0.922773
2.76987 0.923578
2.78240 0.924369
2.79493 0.925149
2.80746 0.925916
2.81998 0.926671
2.83251 0.927414
2.84504 0.928145
2.85757 0.928866
2.87010 0.929575
2.88263 0.930273
2.89516 0.930961
2.90769 0.931639
2.92022 0.932306
2.93274 0.932963
2.94527 0.933611
2.95780 0.934249
2.97033 0.934877
2.98286 0.935496
2.99539 0.936107
3.00792 0.936708
3.02045 0.937301
3.03297 0.937885
3.04550 0.938461
3.05803 0.939029
3.07056 0.939589
3.08309 0.940141
3.09562 0.940685
3.10815 0.941222
3.12068 0.941751
3.13321 0.942273
3.14573 0.942787
3.15826 0.943295
3.17079 0.943796
3.18332 0.944290
3.19585 0.944777
3.20838 0.945258
3.22091 0.945733
3.23344 0.946201
3.24596 0.946663
3.25849 0.947119
3.27102 0.947569
3.28355 0.948013
3.29608 0.948451
3.30861 0.948884
3.32114 0.949311
3.33367 0.949733
3.34620 0.950149
3.35872 0.950560
3.37125 0.950966
3.38378 0.951367
3.39631 0.951763
3.40884 0.952154
3.42137 0.952540
3.43390 0.952921
3.44643 0.953298
3.45895 0.953669
3.47148 0.954037
3.48401 0.954400
3.49654 0.954759
3.50907 0.955113
3.52160 0.955463
3.53413 0.955809
3.54666 0.956151
3.55919 0.956488
3.57171 0.956822
3.58424 0.957152
3.59677 0.957478
3.60930 0.957800
3.62183 0.958119
3.63436 0.958434
3.64689 0.958745
3.65942 0.959053
3.67194 0.959357
3.68447 0.959657
3.69700 0.959955
3.70953 0.960249
3.72206 0.960539
3.73459 0.960827
3.74712 0.961111
3.75965 0.961392
3.77218 0.961670
3.78470 0.961945
3.79723 0.962217
3.80976 0.962486
3.82229 0.962752
3.83482 0.963015
3.84735 0.963276
3.85988 0.963533
3.87241 0.963788
3.88493 0.964040
3.89746 0.964290
3.90999 0.964536
3.92252 0.964781
3.93505 0.965022
3.94758 0.965261
3.96011 0.965498
3.97264 0.965732
3.98517 0.965964
3.99769 0.966193
4.01022 0.966420
4.02275 0.966645
4.03528 0.966867
4.04781 0.967087
4.06034 0.967305
4.07287 0.967521
4.08540 0.967734
4.09792 0.967946
4.11045 0.968155
4.12298 0.968362
4.13551 0.968567
4.14804 0.968770
4.16057 0.968971
4.17310 0.969171
4.18563 0.969368
4.19816 0.969563
4.21068 0.969756
4.22321 0.969948
4.23574 0.970138
4.24827 0.970325
4.26080 0.970511
4.27333 0.970696
4.28586 0.970878
4.29839 0.971059
4.31091 0.971238
4.32344 0.971416
4.33597 0.971591
4.34850 0.971765
4.36103 0.971938
4.37356 0.972109
4.38609 0.972278
4.39862 0.972446
4.41115 0.972612
4.42367 0.972777
4.43620 0.972940
4.44873 0.973101
4.46126 0.973262
4.47379 0.973420
4.48632 0.973578
4.49885 0.973734
4.51138 0.973888
4.52390 0.974041
4.53643 0.974193
4.54896 0.974343
4.56149 0.974492
4.57402 0.974640
4.58655 0.974787
4.59908 0.974932
4.61161 0.975076
4.62414 0.975218
4.63666 0.975360
4.64919 0.975500
4.66172 0.975639
4.67425 0.975777
4.68678 0.975913
4.69931 0.976049
4.71184 0.976183
4.72437 0.976316
4.73689 0.976448
4.74942 0.976579
4.76195 0.976709
4.77448 0.976837
4.78701 0.976965
4.79954 0.977092
4.81207 0.977217
4.82460 0.977342
4.83713 0.977465
4.84965 0.977587
4.86218 0.977709
4.87471 0.977829
4.88724 0.977949
4.89977 0.978067
4.91230 0.978184
4.92483 0.978301
4.93736 0.978416
4.94988 0.978531
4.96241 0.978645
4.97494 0.978758
4.98747 0.978869
5.00000 0.978980
