w mag
0.00100 0.000001
0.01353 0.000183
0.02606 0.000679
0.03859 0.001490
0.05112 0.002616
0.06364 0.004059
0.07617 0.005819
0.08870 0.007899
0.10123 0.010300
0.11376 0.013025
0.12629 0.016075
0.13882 0.019455
0.15135 0.023166
0.16387 0.027213
0.17640 0.031598
0.18893 0.036326
0.20146 0.041401
0.21399 0.046826
0.22652 0.052607
0.23905 0.058748
0.25158 0.065255
0.26411 0.072131
0.27663 0.079383
0.28916 0.087015
0.30169 0.095034
0.31422 0.103444
0.32675 0.112252
0.33928 0.121462
0.35181 0.131080
0.36434 0.141111
0.37686 0.151561
0.38939 0.162434
0.40192 0.173735
0.41445 0.185468
0.42698 0.197637
0.43951 0.210245
0.45204 0.223295
0.46457 0.236787
0.47710 0.250724
0.48962 0.265105
0.50215 0.279929
0.51468 0.295193
0.52721 0.310894
0.53974 0.327025
0.55227 0.343582
0.56480 0.360554
0.57733 0.377930
0.58985 0.395699
0.60238 0.413845
0.61491 0.432351
0.62744 0.451198
0.63997 0.470363
0.65250 0.489822
0.66503 0.509549
0.67756 0.529512
0.69009 0.549681
0.70261 0.570022
0.71514 0.590496
0.72767 0.611066
0.74020 0.631691
0.75273 0.652329
0.76526 0.672935
0.77779 0.693465
0.79032 0.713874
0.80284 0.734116
0.81537 0.754145
0.82790 0.773917
0.84043 0.793388
0.85296 0.812514
0.86549 0.831257
0.87802 0.849576
0.89055 0.867437
0.90308 0.884807
0.91560 0.901656
0.92813 0.917958
0.94066 0.933691
0.95319 0.948836
0.96572 0.963377
0.97825 0.977303
0.99078 0.990607
1.00331 1.003284
1.01583 1.015333
1.02836 1.026758
1.04089 1.037563
1.05342 1.047756
1.06595 1.057347
1.07848 1.066351
1.09101 1.074781
1.10354 1.082653
1.11607 1.089985
1.12859 1.096796
1.14112 1.103106
1.15365 1.108934
1.16618 1.114301
1.17871 1.119228
1.19124 1.123737
1.20377 1.127847
1.21630 1.131579
1.22882 1.134954
1.24135 1.137992
1.25388 1.140712
1.26641 1.143132
1.27894 1.145270
1.29147 1.147145
1.30400 1.148772
1.31653 1.150169
1.32906 1.151349
1.34158 1.152328
1.35411 1.153119
1.36664 1.153736
1.37917 1.154191
1.39170 1.154496
1.40423 1.154661
1.41676 1.154698
1.42929 1.154616
1.44181 1.154424
1.45434 1.154131
1.46687 1.153745
1.47940 1.153274
1.49193 1.152724
1.50446 1.152103
1.51699 1.151417
1.52952 1.150671
1.54205 1.149870
1.55457 1.149021
1.56710 1.148127
1.57963 1.147194
1.59216 1.146224
1.60469 1.145222
1.61722 1.144191
1.62975 1.143135
1.64228 1.142056
1.65480 1.140958
1.66733 1.139842
1.67986 1.138712
1.69239 1.137570
1.70492 1.136417
1.71745 1.135255
1.72998 1.134087
1.74251 1.132914
1.75504 1.131737
1.76756 1.130558
1.78009 1.129378
1.79262 1.128198
1.80515 1.127020
1.81768 1.125843
1.83021 1.124670
1.84274 1.123501
1.85527 1.122336
1.86779 1.121177
1.88032 1.120024
1.89285 1.118877
1.90538 1.117737
1.91791 1.116605
1.93044 1.115481
1.94297 1.114366
1.95550 1.113259
1.96803 1.112160
1.98055 1.111072
1.99308 1.109992
2.00561 1.108922
2.01814 1.107863
2.03067 1.106813
2.04320 1.105773
2.05573 1.104744
2.06826 1.103725
2.08078 1.102716
2.09331 1.101718
2.10584 1.100730
2.11837 1.099753
2.13090 1.098787
2.14343 1.097831
2.15596 1.096886
2.16849 1.095951
2.18102 1.095027
2.19354 1.094113
2.20607 1.093210
2.21860 1.092317
2.23113 1.091434
2.24366 1.090562
2.25619 1.089700
2.26872 1.088848
2.28125 1.088006
2.29377 1.087174
2.30630 1.086352
2.31883 1.085540
2.33136 1.084738
2.34389 1.083945
2.35642 1.083162
2.36895 1.082388
2.38148 1.081623
2.39401 1.080868
2.40653 1.080122
2.41906 1.079385
2.43159 1.078657
2.44412 1.077937
2.45665 1.077227
2.46918 1.076525
2.48171 1.075831
2.49424 1.075146
2.50676 1.074470
2.51929 1.073801
2.53182 1.073141
2.54435 1.072488
2.55688 1.071844
2.56941 1.071207
2.58194 1.070578
2.59447 1.069957
2.60699 1.069343
2.61952 1.068736
2.63205 1.068137
2.64458 1.067545
2.65711 1.066960
2.66964 1.066382
2.68217 1.065811
2.69470 1.065247
2.70723 1.064689
2.71975 1.064139
2.73228 1.063594
2.74481 1.063056
2.75734 1.062525
2.76987 1.062000
2.78240 1.061481
2.79493 1.060968
2.80746 1.060461
2.81998 1.059960
2.83251 1.059465
2.84504 1.058976
2.85757 1.058492
2.87010 1.058014
2.88263 1.057542
2.89516 1.057075
2.90769 1.056613
2.92022 1.056157
2.93274 1.055705
2.94527 1.055260
2.95780 1.054819
2.97033 1.054383
2.98286 1.053952
2.99539 1.053526
3.00792 1.053105
3.02045 1.052688
3.03297 1.052276
3.04550 1.051869
3.05803 1.051467
3.07056 1.051069
3.08309 1.050675
3.09562 1.050285
3.10815 1.049900
3.12068 1.049520
3.13321 1.049143
3.14573 1.048770
3.15826 1.048402
3.17079 1.048038
3.18332 1.047677
3.19585 1.047321
3.20838 1.046968
3.22091 1.046619
3.23344 1.046274
3.24596 1.045933
3.25849 1.045595
3.27102 1.045261
3.28355 1.044930
3.29608 1.044603
3.30861 1.044279
3.32114 1.043959
3.33367 1.043642
3.34620 1.043328
3.35872 1.043018
3.37125 1.042711
3.38378 1.042407
3.39631 1.042106
3.40884 1.041809
3.42137 1.041514
3.43390 1.041223
3.44643 1.040934
3.45895 1.040648
3.47148 1.040366
3.48401 1.040086
3.49654 1.039809
3.50907 1.039535
3.52160 1.039263
3.53413 1.038995
3.54666 1.038728
3.55919 1.038465
3.57171 1.038204
3.58424 1.037946
3.59677 1.037691
3.60930 1.037437
3.62183 1.037187
3.63436 1.036939
3.64689 1.036693
3.65942 1.036450
3.67194 1.036209
3.68447 1.035970
3.69700 1.035734
3.70953 1.035500
3.72206 1.035268
3.73459 1.035038
3.74712 1.034811
3.75965 1.034586
3.77218 1.034363
3.78470 1.034142
3.79723 1.033923
3.80976 1.033706
3.82229 1.033491
3.83482 1.033279
3.84735 1.033068
3.85988 1.032859
3.87241 1.032652
3.88493 1.032447
3.89746 1.032244
3.90999 1.032043
3.92252 1.031844
3.93505 1.031646
3.94758 1.031450
3.96011 1.031256
3.97264 1.031064
3.98517 1.030874
3.99769 1.030685
4.01022 1.030498
4.02275 1.030313
4.03528 1.030129
4.04781 1.029947
4.06034 1.029767
4.07287 1.029588
4.08540 1.029411
4.09792 1.029235
4.11045 1.029061
4.12298 1.028888
4.13551 1.028717
4.14804 1.028548
4.16057 1.028380
4.17310 1.028213
4.18563 1.028048
4.19816 1.027884
4.21068 1.027722
4.22321 1.027561
4.23574 1.027402
4.24827 1.027243
4.26080 1.027087
4.27333 1.026931
4.28586 1.026777
4.29839 1.026624
4.31091 1.026472
4.32344 1.026322
4.33597 1.026173
4.34850 1.026025
4.36103 1.025879
4.37356 1.025733
4.38609 1.025589
4.39862 1.025446
4.41115 1.025305
4.42367 1.025164
4.43620 1.025025
4.44873 1.024886
4.46126 1.024749
4.47379 1.024613
4.48632 1.024478
4.49885 1.024344
4.51138 1.024212
4.52390 1.024080
4.53643 1.023949
4.54896 1.023820
4.56149 1.023691
4.57402 1.023564
4.58655 1.023437
4.59908 1.023312
4.61161 1.023187
4.62414 1.023064
4.63666 1.022941
4.64919 1.022820
4.66172 1.022699
4.67425 1.022580
4.68678 1.022461
4.69931 1.022343
4.71184 1.022226
4.72437 1.022110
4.73689 1.021995
4.74942 1.021881
4.76195 1.021768
4.77448 1.021655
4.78701 1.021544
4.79954 1.021433
4.81207 1.021323
4.82460 1.021214
4.83713 1.021106
4.84965 1.020999
4.86218 1.020892
4.87471 1.020786
4.88724 1.020681
4.89977 1.020577
4.91230 1.020474
4.92483 1.020371
4.93736 1.020269
4.94988 1.020168
4.96241 1.020068
4.97494 1.019968
4.98747 1.019869
5.00000 1.019771
