0.02804981178920234
 0.1660354679131552
 0.981966693960537
 0.4357209998376257
 0.02810358522623784
 0.2633282555927981
 0.5190388545254538
 0.8639085203922691
 0.8683591405321712
 0.5939738157233589
 0.739786333280989
 0.8330870374234746
 0.1700735422259316
 0.9901759599260372
 0.8752056181950824
 0.1508836728477146
 0.09772280162009332
 0.7099426688179891
 0.5841655445523549
 0.6289675407711806
 0.9509447501025072
 0.01893845837215096
 0.1088686128641146
 0.6251985235486398
 0.9536229304620132
 0.536472903926611
 0.630755817229074
 0.2266181240794383
 0.9307694062875332
 0.1537856682397462
 0.9553296912081309
 0.7248418303400453
 0.3465012992655911
 0.4474817227925356
 0.9631587867117183
 0.8043122626772518
 0.7604938120887402
 0.1855907484533305
 0.9314064600696917
 0.2569325316715511
 0.5431945398867665
 0.9546146582199795
 0.5020006739853452
 0.3238664295600542
 0.08432219779905252
 0.2922049870367382
 0.594057293778979
 0.2392419913320425
 0.2087448036923189
 0.01857156464229031