 0.8914664796895502 -0.3717023975547714 -1.157190145232643 1.589580017353831 1.68787412635528 -0.3652756066324464 1.154390352996244 -1.675491473440205 0.1440778422813744 -0.1414901058949354 -0.2736702491965485 -0.9773100059225566 0.2297426853145894 -1.01217493514573 1.058888192044946 -1.992555082547287 -0.6744638217554856 0.1393998674521304 0.5789936684109304 0.1203183305753666 -0.1215162588990175 1.416336258621194 1.546788290837901 -1.552965898757638 -0.875576487454393 -0.377643967682941 -0.9235970332140752 -0.4410073796430009 -0.6049987436669787 0.8194180554057785 -1.070102160987189 -0.7737800954913663 0.5297347279182353 -0.6686697712458461 -0.7983447905932706 0.04722251454133734 0.08450337549834298 0.5711465540854652 0.7496470716016641 -0.8470410279853664 1.069870236058554 -0.2074089965394169 -1.542074060534653 -0.2493748873402722 1.348304263245518 0.6164055033944916 -1.005736607379646 -0.5680229871411764 0.4284319765466497 -0.03279811833923955
 -0.7857295798722009 1.972463789031285 -1.25789600255926 -0.223658796928306 -0.7702003031206639 -0.9240453551417854 0.8130327782236808 -1.206587985230574 -1.275297833084256 0.4531531891131801 -0.4836916725520252 -1.14858887336701 0.8895928413414488 0.4923928024149429 0.6081935942682296 -0.805875048277044 -0.3094241789612611 0.6359755441161167 0.01694188460379017 -1.499682139972791 -0.1718798729333052 -1.285846534190036 -1.427109503134399 -0.4121618665128288 -0.7379343539957488 -0.4278673233312829 0.2030107158987593 -0.2893461158328202 -0.757143734262931 1.379551656342423 -0.3847498816452475 -0.5609360038452859 -0.5353163353883614 -1.459503137156621 -0.8655478761646227 -1.768667348361868 -0.9499549268195233 -0.4610539752025609 -0.2771321884028594 -1.468869686962248 0.4727903013364087 -2.070982244954343 1.163727160955306 -1.17014111700048 -1.230301740514809 0.03487405431497529 0.1578074473812746 2.096162118697966 -1.69008877484072 0.2303306652139555
 0.666501580955316 0.8935720651339432 -0.2486269458681842 -0.8835007709751685 -0.2276874567186831 -0.1557399563522474 -0.5460321587857108 0.8624946719745754 -0.2333216257224825 0.3166391889556157 0.4205479973370803 0.9955535433601593 -0.5000290829442047 -0.6583802359101393 -1.556607976352253 0.2021075829917016 1.530661023564892 -0.6703258426958479 0.7182986757493349 -0.6613150163119953 0.3217401672496786 0.354303642755766 0.6959737070120485 0.2329650028882763 -0.6865266904593611 -1.649388506861968 -0.6546008429864897 -0.1557781644328813 -0.4510685106583425 0.4498920473825805 0.4945554694869413 -0.09734458035164074 0.9008589984262513 0.4929467049748152 -0.9232649224489642 1.442942039733774 -0.8688366604900754 -0.8163784519020688 0.7415957170444297 -1.12424172048507 1.576933304321573 0.2781818348441802 -1.26714870529936 1.464478252822583 -1.345076359550114 -0.7518694487803332 -2.241226343414748 -0.4668265091539505 1.033177828978537 -0.3160050304355047
 1.295768260997894 -0.2370646229618119 0.6225884820155185 1.738509195741464 -0.3657530496600013 0.31781257940192 -0.9361026948748807 -0.02271993706611889 -0.2003209352155436 0.05729643557738957 1.110800442196891 -1.315576254242814 0.8717894354439435 2.220770219624379 2.234901471205218 -0.8045488667096448 -0.2111813963790315 0.7148837955160614 -0.2365876849235134 0.4713435879189448 0.9345803858284786 0.07923951479155203 0.2705110764469247 0.1251218121531 0.8105478608157808 -0.354022609307894 0.4048732305706717 -0.3236878678358988 0.3985000844992748 0.1612066792033007 0.7694716148043984 -1.895401188075678 0.5098671338071891 0.3565563510959985 0.6127004003318112 1.15273249683906 -0.4322895414794432 1.744056694177269 -0.414799305050191 -0.3872372755446956 -0.8487035741252517 0.2267566594382028 0.8652321770360135 -0.1674957555001867 0.2710624801817397 -1.174380868904247 2.205837099587421 0.5540094367125376 0.3831241218748908 -0.9503051044262838
 0.373001554972694 -0.4954228631108966 2.413590034123175 1.035842039179657 0.4174457613675688 0.6994426030546522 0.3675955315250913 0.5555845522799362 -0.51148567213929 -0.7268742745838125 0.9983717813981914 -0.1128729041888878 1.498183254095796 0.03281457953622269 -0.6378220252492036 0.5737327764367923 1.158249987277965 -0.5798044548463014 -0.1083526728447292 -0.3653996920823879 0.4577800346690096 0.0844340390030411 1.463419314981849 0.8105000112654702 0.6902903646619262 0.6054892657658857 0.5755072626737479 -0.3445581601614076 0.7608204112598801 0.1413190176234118 0.5920075517030845 0.2669366296738542 -0.5161230332418604 0.8839624858533206 -0.4188974402061054 0.267913087141217 0.2780275467587061 -0.6183638450774532 -0.3604867504656137 2.542824313485253 0.4236219253917218 0.3941087733143248 1.55270386937632 0.6855870984349883 -1.931090956918055 0.8238636124248073 -0.2345199054314016 -0.1697927408546064 -1.767913907087496 0.9454861915330232
 1.369740723849568 0.9663751241891433 0.250811464378027 -0.8101013909415551 -0.9548274021857078 -0.5598835120661263 0.3189183961365966 1.037432662908518 -1.130766162644193 2.086618748060824 1.805574797970879 -0.7673095028411792 1.271931315380675 1.100324825545687 -0.5401313318936393 -1.404946173550998 0.3145899707681407 0.3987239485544025 -1.093436594600385 2.770147328776447 -0.248937699698128 1.211642990846021 0.6777523682257921 -2.014569232059496 1.317467871008265 -0.6957122743379265 0.2132731030037753 -0.5850125008524745 0.04785406702829886 -0.2510041077345523 -0.05899357201997626 -0.4079982239323803 2.452826823830679 0.3346535374923397 0.7972659969959422 -0.05075356052295528 2.32656876721941 3.767349916076959 0.425457578810274 -0.4848525396447462 -0.3421865490944718 -2.562532091877632 -1.170947855346716 -0.4097698634222904 -1.372789282794914 2.094331202350205 0.5019465600785942 -0.5424952463767584 1.378129727152227 -1.083738256422695
 -0.6147964975483333 -0.9583591286707765 -0.8220516938943015 -0.8807102924810661 -1.43610587986124 -0.697631255315204 1.350325471970742 1.094547601319 0.5197243607934207 -0.5938606356022114 1.890291704700363 0.1935573841075133 -0.3163334249750154 1.339634486834701 0.714234489614978 -0.2763895876566888 -0.385534833687276 -0.291518530825552 -0.1996157359163059 -2.081356172194061 0.1646100639738563 0.1714446150902252 -0.05457474995217641 0.4488485983779318 0.8033819356897982 -0.6229297623891807 0.8449847700536689 1.103794344066684 1.653944930512156 -1.51782518654063 0.0180635742405113 1.334148074729581 0.3191319381285956 -0.6464020284392633 -1.401862397753908 0.3224672436689731 -1.726164271276837 0.2561987632632075 0.3319897286609512 -0.1266588671439292 -2.240148216368154 1.727399944655675 -1.042367355211136 -0.06543778624486273 0.2032881205694549 -0.4020395986663625 -0.0715696979435991 0.3587094608063269 0.3980278307582992 0.3729098996196148
 -1.289990888366013 -0.009868001465762007 -0.6182827678080172 0.1047998429783608 -1.41840718750869 -0.9403103243822249 0.1097020260926351 -0.782254147739657 1.421312263080996 -0.8332473048920165 1.37837723414532 0.537958019567944 -0.7196548504818057 3.5599771643531 -0.9014674343530504 0.5798127698784743 0.5304549679966049 -0.2650865503599963 -0.876575673180486 -1.177972569546415 0.405098686879114 -0.02416609244117426 -0.005807402447069585 1.661684180664829 -0.1040756797870076 -0.1825033186134995 -0.4447846740170061 -0.4514137632779066 1.440234249360236 -0.7678356820613913 -1.701177518683291 0.729820056077107 0.8394433720788791 1.952361960516746 0.4768701884774259 0.6152393484526257 0.09930817803122273 0.5998732761620622 -0.9514947182671587 -0.4820829913467087 1.021406618923029 -0.2236415747020394 0.3533182052182531 1.237685927499861 -0.3178341101954005 0.6934093880197089 1.021047415170136 -0.5689369767386421 0.9463618404938108 -0.1554901463668623
 0.1099899316624721 -1.325871868496855 -1.546408987683366 -0.0190639517785512 -0.5099264727812043 0.830847083730071 0.6767072959024343 -0.823485244323667 0.3607983579179257 -0.6693801541452675 -0.3760602684417316 0.9091318397472153 0.3469009625644311 -0.6063733449263192 0.4479866488624418 -1.484403874335401 -0.0230183138133476 -0.3059298439567533 1.470169443725264 0.102238880642078 -1.753749791969254 -1.833854690914301 -0.4048597088340526 -1.044601947332528 0.3159300457657466 0.4862185844577292 -1.07763302752911 0.7872512081088255 -0.03445389906784643 -0.9050207208954808 -1.805328060995633 -1.042145754027254 -0.7020220256946355 -1.440502889328835 0.6463972760351193 0.4014355696702707 2.096382516973552 0.2754751540015001 -0.476121527828146 -1.621389542552115 -0.02564521845536858 0.1473902227749428 0.3154139369978811 -1.171125776266467 -0.9518535191240807 3.01125536349557 -0.3483109446503744 0.6536302355484434 1.345892992181676 0.1499325118079793
 1.330227106704567 1.331887343788552 -0.9107468034598577 -1.116862423915366 0.1656671226425576 -0.8686022033641443 0.38024744986232 -0.7142349762489545 1.534149835244842 0.5636967087665954 0.6435156158186378 1.729235550766863 0.1298892780753117 0.5280539583015125 -1.905182247661293 -0.04693195728894077 0.4429980756732495 -0.0001561358290498897 0.2297991214228177 -1.123803636352951 -0.9417233956250761 0.8549490501325574 -1.855417470554794 -0.1036268037454398 0.3447355610629843 0.408759989720602 -0.2421894582972153 0.6603574411648697 0.5556456465319703 -0.425059034479174 -0.2216950580421098 -1.281812195851736 1.059899233536941 -1.126633684394971 -0.09493849210266261 0.2262602080905896 1.020757138427598 -0.8474356039811762 -0.3674892659044773 -0.6822767301697291 -0.01215541621829411 -0.96616640445518 0.248042002415934 -1.118953615081573 -0.3928194024269103 -1.504071689774134 0.3787403660040229 0.8175046183433625 -0.1263686047534094 1.945216354264715
 -1.025870106237195 0.6954057812218059 1.732600898235694 -1.07055355592377 0.1877009113809846 -0.2593236206903476 1.524885749471289 0.6613719050088911 0.5139318263286748 -1.214546298503034 0.3502477276388772 -0.9990904970525974 -1.62718311784382 0.08740609598637741 0.434970783397875 -0.2103176293919876 0.4280967983027822 -0.2757454269006824 -0.7614405642283112 1.22856468955037 -1.139776323830277 2.380540552326349 -0.1069415140750783 0.9156035917031343 0.2980121363502032 -1.887085236954939 1.506273835277718 -0.5602842169079418 0.8742656155297632 -0.7950466217066002 -0.08544672444375334 -0.4641153643930981 0.7616008245976001 0.7002609769889866 0.3205577106726346 -0.822390434584216 0.2102942387552747 2.616735532078681 -0.03126207377677938 -0.597274441753173 0.2118385007679599 -0.7074841374543906 -0.6673985312186292 0.8378134396405806 -1.060294577012934 1.733388866625415 -0.09457089863292194 -0.7303707489973911 0.5227927926164554 -0.7079899585055525
 0.1679007271253385 0.750873715333095 0.4046227942195166 0.3764986752478096 2.368455595690105 0.5422298121426412 0.21103544982644 0.2883719948109225 -1.290816561898663 0.3380636346313624 0.5316919072247748 0.04268222523318829 1.316340211765957 -0.3266606569374353 -1.797726306098697 -2.666240151216474 1.568073449581722 -1.113979184820223 0.2723004031259611 0.2733442297236564 -1.555436262217166 0.01089327376852917 1.681240459740031 0.3119547074058834 1.586760774056075 -0.6979379754107584 -0.2271441364361419 0.5183642627117697 1.534266243534907 1.622552675780136 0.9256666312859584 -1.446297623044197 -0.3317738648757076 0.6099849144973422 0.5723407552451192 -0.2654321935027916 -0.4466321350666653 -0.1294094294937802 -0.1086764093574884 -1.132448291549494 -1.64517306522815 2.125270004792746 -0.2607462484348957 -1.196635838166791 -0.590662962911758 -0.8668015456978732 -0.4931911685689118 0.006430009988957935 1.133579240362864 2.13145620300451
 -0.4659540388677774 -0.9011931258832611 -1.132369514957663 1.257771356971349 -0.5184211191056122 -0.8002965592401808 -0.09578006208571421 0.4690004291094614 -0.4788629065764255 0.2869019747447426 -1.354668183237414 1.596670713360774 0.5716424009165273 -1.583331249668466 0.4301295500560823 -1.323659438336503 -0.4572922018520081 0.4459097413718842 -0.4953494085938161 -0.2794748720430839 -0.9792653664598545 0.4409229389404403 0.05234873070317185 -0.004108974554151982 0.4322344132907506 -0.6964220479478586 0.3503765828070231 0.8800286788208082 -0.3877130211684553 1.021311584505394 -0.106111068261043 0.7837365240171834 -0.1799719967013743 0.1613065004675719 0.3810488284553229 0.6376595973129346 1.457863470814925 2.061626233386647 0.3195735611242217 -0.02832595328925071 0.3855182026302904 0.9430380481021118 -0.1383182251963875 -0.2455731909586276 -0.4690516710455938 1.611771891917266 0.0341928846289798 -1.416900678196589 -0.3951806860356595 -0.5229472206908469
 -1.103946249583996 -1.306967386329223 -0.3595305460652184 0.6762082992975348 0.1817669992960619 -0.1321356200334761 -0.6061324028913492 0.5165584208211519 0.09210429285962671 1.660145953046708 0.1024943139296229 -0.2383310571005302 0.8591633541537876 0.5048223498500819 -0.8478421866086421 -2.193249627285778 -0.5727903144496141 -2.782420627126224 0.5711469941036682 -1.379301711256679 -0.06576614768338949 0.6402635725758741 0.6438711758337289 -0.3648752462821666 -0.6963894254353654 1.06911872146502 1.402928222673181 -0.5981519174763661 -1.154139582886333 -0.4597933754636645 0.2087344535658345 -0.5044667826400625 0.7955885809071369 -1.394885624122343 -0.6387100698327313 0.5094438340616791 -0.08990771681664721 0.0198811054631793 -0.1223825156032596 0.9929035394730601 -1.023288004053467 -1.611556867545058 0.4888578381172925 -0.9006800140438552 0.9769132253655933 -0.7630697459797677 0.2226595367648519 0.3639751252852773 -0.4064261148542387 -0.348135892323045
 0.6144147074777007 0.7466887370801939 0.8538816724471175 -0.1317268207709584 0.07154265136472189 -1.201684389138886 0.588768015993737 0.4078512139661201 0.0958535200987105 -0.4795875171461148 -1.742600523415781 -1.235122525857309 0.3544159998033095 0.3819252317730748 -0.369390116994867 0.2258217402818077 0.9630631670015826 -1.258058511169982 -1.292369512091613 0.1066509964132596 0.5526266797227578 -0.9671218346169514 -0.58541783377546 0.1115834087691867 0.411385619783791 -0.09278693584128207 0.05421149931532707 -0.7185235851236418 -0.9545902122329366 0.2298626251482736 -1.772515307021105 -0.00587944775592629 0.2189287167446836 1.95245953049043 -0.8920486040205647 -0.261689512279315 -0.5047904227788124 -1.494064700656047 -0.05289893697546508 0.8042189649115972 0.108111336220475 0.202088909880934 0.1744952882976956 -0.7148661808357739 0.5771299657490687 1.66403572838433 -0.7528991901106701 -0.6759389132781159 0.3557058958120715 0.5118166771300779
 2.708408837922774 -0.5212919182057639 -0.9216623257627925 0.4599643996673425 0.3823368958632546 -0.1413896701181032 0.2771964397386819 -0.01868198626026735 0.8240392734694684 0.1844601008282949 0.2947340145347576 -0.9538265633660624 -0.04356513074873894 0.06941558288357065 2.512664134596997 0.2550307591555874 -1.008643635433916 -1.997783883773823 -1.816059964360857 -0.008614511326051153 1.444473088349166 -2.61279209882409 1.087157558317729 0.6009765301195891 0.07666098625847029 -0.1605852445338024 -0.165900858552398 0.4012689090160067 -0.4324342445656184 -1.351465479417601 0.3826982894128102 -0.6501429643016814 -2.566993092382494 -1.009442537524895 1.294519156101595 -0.03165606591741013 2.450605790162092 0.1443489214563088 0.3436126120007589 -2.208960449435174 0.1931336073451172 -0.2507086001889507 -0.5172646955324712 0.8987474915004219 0.4987236790393735 0.6865964839187576 0.338020832364197 -0.1373414908569764 -0.5170843438086477 0.4692452049275752
 1.335587200030274 0.3992272170067129 0.560344137435513 0.1365340013911682 0.4364705099897488 1.158996945904823 -0.7433206690743069 -0.128667139697701 1.195526686911629 1.106435912589758 -0.4756105796135648 0.4424571809549663 0.09510128114634481 0.1309542096843884 -0.5983715404518499 -1.53249447295431 1.035084416877336 0.7076751412510891 -1.682396524001416 -0.5441740787613236 -1.471432983597827 0.9382851331406372 -1.602371286571044 -1.222649543610424 -0.4907171189691613 1.921424195329338 -2.652592600145285 -1.538022255923546 -0.5961812585693408 -0.7174645805921939 -0.1210744431300728 1.092965584272455 -0.6477472537753877 -0.7767109036615136 0.6606241160124811 0.825962000928895 -0.1822050341143438 -0.4613712330409458 -0.5554535163411287 -0.4588511677710782 -0.5561775780373739 -0.6238273838996152 -0.1737185141165322 0.1943811575706988 0.6169169233893407 -0.2093650663422661 0.7836066939534216 -0.3838265303562387 -1.531730745922428 0.02698855485127018
 -0.5602181005906089 -0.1954210175894294 0.7409144129004789 -1.484305643432472 -0.2466556672100122 -2.03966513211999 1.453932551513405 0.5093968355720319 1.328469878871081 -0.8704707511055183 0.2458691516215106 0.7014158631062195 -1.036271836616345 0.09084744720688853 -0.2403865347520072 -1.039989049878607 0.03196288519578081 0.4369460738800174 0.706738054716415 0.8543716920440498 -1.842920008164073 -0.1526728728049398 0.3501256598821558 0.1342515160735117 -1.007384985940247 1.787773135170703 -0.6598787470748916 1.040674693974987 -1.102755313982999 -1.008467638015138 0.3175794043199097 -0.2869887097926454 1.197671325079747 0.4100466922762732 -1.623737597317716 0.3700555016962683 -0.50829747401694 0.5112465712635633 0.7195476397171405 1.60034879315572 -0.9855693255365696 -0.1954300205808203 -1.621404235077336 -0.7254153984691337 2.006737521759553 1.511882168599143 -0.9077477147201787 -0.3358899876542258 0.423115837587792 0.9128280697485247
 -0.1224967991066498 0.3426140353744372 -0.07961994418678164 0.4017016342041708 0.6339492058151415 -1.42940147637923 -0.7644144079333512 -0.6225638037970945 -0.2017227458690674 -3.039765490562898 -1.106212094799531 -2.074111644949 0.1580379986081062 -0.6314933954994252 -1.116720199484439 -0.6695184896478176 0.5755359129955576 -0.2471866092268707 -0.4768512710153469 -0.949344159960106 0.3823782838208299 -1.753327010585336 0.5244944074065773 0.1025538849807723 0.03265006078966089 0.7265707633756011 -0.1487136946980514 -0.3789057487419104 -0.8073791120938159 1.068350653799004 -1.996229933778733 1.769268741252158 0.3246790549522567 0.1441935517972191 -0.9926100105051202 0.4560844395803894 0.2236746999456634 0.03316892218154661 1.254477790012014 -1.398893541353184 1.032249968871326 0.412929846708412 1.522374391969636 -2.357708336434568 -0.1826834932541313 -1.014998971767345 1.086458017362965 0.0337085002893991 0.1178913249717187 0.4295513995833544
 -0.2689460335328107 1.442129616299274 0.2890581797567481 -0.5099587726810578 -0.4549069086400884 -0.279288195201018 0.1548342059839021 0.168991504772007 -2.395438460822457 0.3248540936673421 -0.4347718288104296 0.03845662848036479 -0.5735514985721073 -1.331078372429174 0.4380151482436442 -0.298319585977124 -0.6050909572769634 0.602846663863147 0.07802228709637728 -0.3362002052892592 -1.807500003122981 -0.3270595144331265 -1.320421491046587 -2.090196811549822 0.6018865085295777 1.039709071175198 1.042620629123435 -1.186585705837463 -0.4697527637405463 0.2425402859254983 -0.02425647385217749 3.076384482458354 1.306590343625367 0.6247994776951588 -1.340692939556881 0.09396961190876439 0.01659646259167999 0.1720974829961252 1.880464755129496 -1.31032476431324 -1.546861864694388 -0.6579408245410788 0.5835125974576703 1.226570548151435 -0.9302641688649042 0.300256699450938 0.2933312479769495 0.8157202713880646 0.1154779564029336 1.234410065814861
 -0.1403419601507951 0.05522405259055081 -0.08380340354232758 -0.2987572437662313 0.2580530261811032 -0.6623518620172654 -0.007481325995638189 -0.2535520645432913 -0.2031454731091967 -0.7408872001344552 -1.597861420795786 1.664702244794384 -1.171339491554891 0.2677322851814932 0.4504559628547925 0.1180920350123144 0.1948585979075216 -0.06247296724186276 0.5127289352201688 -0.1754118762675277 0.3933474165762397 -0.02585913123031559 -1.142660491152577 0.1706371483000807 0.07875283395480348 -0.3331675883720963 0.6945078247256209 1.191255151658612 0.1539162134404524 0.130647833294043 -0.3905561636805959 1.459332301951519 -0.7003269345908474 0.515832245888172 0.367962833121175 -1.237191015551937 0.1343227599068844 0.4792489648116588 0.4097144414823817 -0.7573978955005515 0.9046513272441811 -0.7150213665669866 0.2701616298992691 0.7520176537846885 1.226705697983441 -1.688512724244755 -0.5461787111498191 0.7588276851778685 1.719756421719013 -1.258730299791673
 -1.572916018985872 -0.5502036827662535 -0.5740638309273385 -1.467023912223559 0.09718522712044922 -1.107869773753813 2.143882036485043 1.259838913034111 1.008885536272722 1.489211056374591 -0.4562278479112465 0.9032813288187844 -0.371599619519383 -0.1943017185354324 -0.0242619924376143 -2.50534685388033 -0.2690524853234185 1.475817955294323 -0.0807835921362038 -0.03089553306313506 -1.050461993555624 1.095685847656592 0.07918767211176705 -0.2883454553396828 -0.7889326069862321 0.6870330144925666 1.253218237447243 0.5116488306017274 0.1642504014609282 0.7905797815661957 -1.250565848952102 1.679069509821643 -0.227503101855802 -1.384646462130397 -2.00259775386158 0.8099899950641927 0.7923993043124326 0.1008105506119419 1.562578305421272 -0.7113042068510835 0.3211728830381625 -0.3895779102718924 -0.1001794474446598 -1.688193970192436 -0.1475884645973525 -1.162979239707631 -0.4574219298080924 1.2343335687273 -0.9978118828658576 0.4963511167311681
 -0.05460828211777041 0.2139600852456965 -0.3196550459540162 -0.1665129598502106 -0.2105939845155363 -0.1507260699005158 -1.777091528182043 -1.687134544388464 1.10569951051627 0.1583307817937997 -1.064872183555278 1.552834917532201 1.99842104177156 -0.159934664029932 -0.9666058078037413 0.7714065050903064 0.2663263383438041 -0.1333607142304143 0.5464216430954199 0.7478979125930479 0.0358207171849727 1.083102947474512 1.21078967997459 0.3833160470476704 -2.726595418716276 0.5935474641737143 0.006469684516491739 -1.532822756923111 -0.6944295769947311 0.1554904621873358 -1.004220690826672 1.666700231546526 -0.7597104449828496 0.2459439118808143 -2.250088688985949 -0.7742247832567635 -1.512345965266852 1.44585789889442 0.4775593652321162 0.1121375911772342 1.340239165135523 0.5783979904178944 -1.070557649613441 -0.2469966141623476 0.8748818846660743 0.07228472931724655 -0.02715168998155309 0.768243297230333 -0.9637542531469211 0.774118625485105
 -1.489481425301678 -0.1812840754494692 -1.899548629464162 1.428557061105665 0.2968149178871113 1.59620434132033 0.01389042447550801 -0.2467566025399886 0.001184719082273398 -0.9036464334663445 -0.4783681269103653 0.5144855539616958 1.514869654983722 -0.4293304846624981 -1.267573128282934 1.003773572381835 1.565027349669841 -1.760727333579402 1.079578087759864 -1.308834722873778 0.0797543046928742 -0.599966040348155 0.2166935240637216 1.039787828588388 0.5123612547763142 1.272101713523863 0.973181689327497 -1.612184250193774 2.25166086488005 -0.167597090326286 0.4670518483648416 1.413172069130777 1.688766622881663 1.368561134406258 0.864287486486745 0.5170226132580987 0.410282731537996 2.236121010602962 -0.3704335465529418 -0.6203063367532228 -0.742320649847006 0.3856312095503847 -1.185058340173702 1.349336358099892 -0.564224351690661 0.6988825006406928 0.05070614863276644 1.084787427010424 2.048291015516825 -0.4195532653783158
 1.395731263067001 -0.2053323929847378 -2.105117349796756 0.1879222548738635 0.05168838876587296 -0.1759418741841047 0.3126502077013476 1.268448539764833 -0.8612259217404779 1.296296804127129 -0.6263414274253194 -0.03927394907846542 0.1120375954931033 -1.029309487723016 0.1879590743396808 1.882798021080277 -0.6589816295977694 -1.375763941272401 -1.007668350331867 0.04814708276442674 -1.646913450552587 -1.036128619780243 -0.4001780829875906 0.671615563173966 -0.005714398384993297 -1.831406981155514 0.6623477454508692 1.008339730558716 -0.212406999269037 0.9155478427686711 -1.011573197068389 0.2060282419191638 -0.4856377797288087 0.5517406117278889 0.1618491463835091 0.836069422785183 1.570886518978166 0.1981908657174363 0.3315437343748223 -0.2527259980490604 0.09390781576196645 0.3995791324082639 0.1141337389703674 -0.2802331592214088 -0.8364608701132671 0.283181664606038 -0.7273140110935247 0.9112442073772545 1.03612209117288 -0.4678434527831994
 0.6555470190283844 -0.5500038968947504 -1.397595804428177 0.7865115610278172 0.2919060088586833 1.455908135343336 1.305418136832075 0.3025532386436875 0.2419307945591246 -1.233743536972135 -0.6509179462484798 -0.7898546365747365 1.212129893381857 0.2071165880749964 0.8122527144073308 0.8043818458351875 -1.122909786161925 -0.2823957429144616 -1.85633476569559 -0.5546606240686206 -2.676508773304889 0.3625364741164903 0.4995568906015103 -0.4026752676616964 0.01572412304603637 -1.220989740121769 -1.124880821031921 -0.4586679744019241 0.4904934585571318 -2.565870878629094 -0.8695425388683115 1.085986370844463 0.1085042880289113 1.567764256130374 -0.5052637644890217 -0.2260495924208087 2.325902389339908 -1.228590320031935 1.351125131635055 -1.338000154799857 -0.478622315337826 -0.2875209445128383 -2.341652493073114 -1.180332341281477 0.5762186165791037 0.2894165872671711 -0.3526624246393988 -1.038431421700357 0.2472431233588956 -1.115086180853092
 1.98633763979241 0.345934937248092 1.647648191307686 -0.319568866464324 0.2614793253123702 0.1910334151942837 2.550395393844309 -1.5344597706647 -0.7370678368866855 0.0516531244034139 -1.178341580117828 -0.3447913488448998 0.1830141383614375 0.1816506614033683 1.357308090740675 -1.472998485904299 0.02300426008844386 0.7173828544002935 0.1171691996309266 0.9305194863215188 -0.8261512558975888 0.8818883625479159 -1.332884297481836 -0.6521314081936589 2.172574742931079 -0.1815579163042574 -0.5481491077707209 -0.8821839101030654 0.9685417370600717 0.9813105112104188 -0.438139193207604 -0.07145240170980449 -0.567680638665062 -0.5338868215735505 0.7946049463991401 -0.1185098195812808 -0.6897594840145822 -0.0005949940393329078 -0.3460842905122288 0.9524688316325057 1.700975658591915 -0.2985109826808439 -0.7884859664584781 -2.148246688361474 0.8336301542419665 0.5469920460010919 -1.208752803442343 1.606814748186474 0.607288057578323 -1.100491397447748
 -0.8766435746513778 0.4263108817103685 -1.402324199237946 -0.6255058920892291 0.147245447536542 -0.8725090240892998 -0.3649166726522032 0.8410538883988951 -1.5802962892759 -0.4314882732076715 -0.4644936282544315 0.3757277539412612 1.984042175946709 -0.6927287509848099 0.2874662824837335 -0.02663121083453432 -0.3600496211653805 -0.879305883368813 -1.013591755129238 -1.740981011694263 0.3340096972696648 1.961910415673793 0.9006014087910332 1.244983366262601 0.2820569123482762 0.234614149457929 -0.105664521771473 0.3257079883424384 -2.022056748084839 -0.2830499817320841 -0.3445749776997927 -1.441801543530028 0.4106915350310454 -1.27287697011891 0.2906299032802492 -0.2097045596040154 -0.002322739714666188 1.294815427325603 1.304596823316207 0.5364256264989982 0.3514461685977879 0.6364002807398518 -1.55047736705642 -0.4694149307411183 -1.514683529045775 -0.6688219742147468 -0.7394178082879236 1.225168183720052 -0.9382278015533411 -0.2408484943853567
 0.2254472980810955 0.2038999240909513 0.2058749307067291 -0.8760313600009176 -2.540475552156956 0.1534982957093752 0.6317717532248118 -0.9307366781811488 0.4415880752688153 -0.1507617815438175 1.464438724001679 -0.09520597132037144 1.112961200936989 0.6486022249467108 -0.5251715615208576 1.53100409014516 -0.1521025431802816 0.9104595268131133 0.3967623483067021 -0.9214865519843495 0.06816170206874907 0.617420030738148 -1.808768438266116 -0.01074812823347297 -1.177432524359979 0.5497393569921105 -0.4059085137601385 0.877869635710728 0.8512418328152864 0.4008111632752701 -0.5812842488005396 0.3469957046236009 -0.7333617519830956 -1.319382066153585 0.9733957041510222 -0.4329935855405146 -0.4940182573718408 -1.640810129649894 0.05372007059714902 1.403642878285823 1.084477050167448 -0.1360569797354426 -1.070419557451579 1.349011431867854 1.444956408342813 0.4085636812668912 -0.7740990139584889 0.1821078599564301 0.6097019356838428 -2.244753855185943
 -0.2373449181544117 0.2886672550661072 1.405092721533382 -1.298361670535862 -0.5305300561641049 -0.7158128943809455 1.639631593114192 -0.4407346386392287 -0.887454150947248 -0.9212653082615164 -1.081942527110304 0.1129509647948191 -1.098539664689127 -0.6928925806022097 0.2177983682609425 1.70929475656763 -1.859072220259776 0.839528213953153 1.19515012629539 -0.8594291001418016 1.093649330526575 0.1975632878498999 0.4225514429544863 -0.641975575016471 -0.9276129814671005 0.03216436201747722 1.137255679519861 0.2846387113978125 -0.3438965517205602 -1.682109534747049 -1.00376789651257 0.5452287332767282 0.2606361208679367 0.2104563536597232 -0.7887850585393208 0.4159462728905169 -0.628756709743426 -0.2030838668684706 -0.760649166278885 0.3111708135562073 0.25842515894579 0.5492313204928807 -0.1773359473916526 -0.6576577532378716 0.301048127924226 0.6061762800048991 -3.020791779946437 0.7896963125491807 1.033952818774055 0.3248888252236633
 -0.8918102255181579 1.055283555004418 -0.6163931789123301 0.3513870093196374 0.5922980692594151 -0.6102758870829513 -0.1134018435171542 1.560418733995556 1.194586737213234 -1.535209474251078 0.1497011876189946 1.902164242575259 -0.1515173674286339 -0.6217440364855382 0.7302107435512233 0.9045859238527498 1.29952494492689 0.5726283146449648 -0.3436597139573778 -0.1810182271177954 -1.382199498526597 -0.9635286790991141 0.5607706341718853 0.5291866132675772 -1.09135734437186 -0.2375588681231017 0.6041824011539836 -0.7524674685247389 0.2699682624707226 -0.1728184375267456 1.056039895436423 1.889976614368836 -0.01638939537872088 -0.2454797332488399 0.6866599053163973 0.6496203315423086 -0.2035231121714806 1.773966014891051 0.9854692385450143 1.057274167493445 -2.150824468422054 -0.7468822290621462 -0.9109056193155837 -0.771464621766477 -0.4142104334598593 -1.714509274176267 -0.8187211818924182 0.2107937339038016 -0.8480810429993991 0.08754426586392959
 0.296808513867276 0.3460089221760262 -0.1707655073016186 0.5539195772351686 3.133395358177044 0.7891546382791212 -0.5239457738938642 -0.2008093859861833 -0.2004518936736417 -0.1673266831836448 -0.6268337080745329 -0.0195193712052746 -1.519330472707181 0.7555021772546564 -0.4313651407104875 1.93454780024826 1.004009704675473 -0.5419747583766064 -0.3106963073661191 0.9135217769895496 -0.8102232661206349 0.5264117878763395 -0.9177566738531435 -0.6581169982292621 -2.282492606076328 -0.5767421294318092 0.1157747025043106 -0.777244166851734 -0.5706697157406906 0.1287151143998221 0.04849862166481109 1.254528635647687 -0.3471591885646018 0.7295113746629753 -0.3584724794326359 -1.695683649611985 1.479356383141056 0.5350501872782024 0.8786382839412528 1.259016804870914 0.06980135130804065 -0.4485989797408036 0.05344280011749244 0.02367914248628216 -0.3975279347511412 0.3704790781356972 0.4690402227625295 2.931988484659045 -1.367620463932209 0.3738515364900702
 1.041649596651505 0.477319412997686 -1.19769669351064 1.333922140051109 -0.2622251711809139 0.3655835142575349 -1.326505450747586 -0.7086086650705333 -1.278105805539786 -0.4665176021863466 -1.542687321743614 -1.574536863630732 0.9271006457446653 0.8164023812896954 0.06235166195126491 0.3046594032441985 0.6328328914149564 -0.7229563434627911 0.3647551459867465 -2.578333438602966 0.08780755472652338 0.6704017844247735 0.1982161059820508 -0.1982340234184476 -0.6090108528723696 0.128511797488137 0.2144658877837149 -1.436623793647071 1.910921298486277 0.4327376880625494 -0.718018393330538 0.8910838756625666 0.4278251248755924 -0.8560890483333446 1.154577631004186 0.5173988396563534 -0.7204880572700009 0.4277857721969806 0.1791207855132324 -0.4310079221204551 0.3556839429370442 0.3479606265570119 0.4604471307514374 1.623247109351286 -0.1188183215494229 0.3593080283073621 -0.6414464972468432 -0.323575947908153 0.8706373365191313 0.9662653594674639
 0.1884807139839789 -1.450002090589315 -1.106485130614446 1.21966625013733 -0.2306586924690553 0.1168987181217179 1.296531507830192 -1.601488271113529 -1.479466460198309 0.231188462764367 -0.714309370182555 -1.670120315736331 -2.288100224610255 -1.082137994245847 -1.642503025286121 1.982248522376152 -0.275454175112272 0.08612992410088113 -1.810373014656525 -0.6242741074513185 -1.294230376914628 0.06957564037548926 0.2536780842902061 -0.5439345974399586 -0.3882763101161322 0.1451178945042296 -1.124543505233383 -0.9762126426473028 -0.9998184404884861 -0.5288978209897318 -0.5549702342097838 -0.4945795617720058 0.557088146727892 -0.5852204641599317 0.1728669837033733 0.9501486595041785 0.4255674646886318 -0.9005694466209327 -1.0971266932031 -0.9707922058643442 -1.798387596985868 -0.9132809690415142 -1.044086582727947 -1.002562725691931 0.5800863853942282 1.168730527224187 0.01356658762842806 -0.5885308445497354 1.916695496376045 -0.6721686406728689
 1.118105237396296 -1.066638924480789 -0.7399086563044728 0.7274515894536626 -0.6328420697814914 -0.3687722458430997 -1.357014917523358 0.5974830354187797 -0.09974513873321703 0.797573942623545 0.170534185544261 -0.3064645367049889 0.5706333152162217 0.3184448328362703 -0.01544099759064711 0.5445973862109812 0.5918837602499077 -1.672176666401228 1.028544152939539 0.2797402427742174 1.204078695982423 -0.5654352615407541 -0.3826786589694489 1.799130223510613 0.2878448382459531 0.177311627909244 -0.1560036609176601 1.004870836189468 0.1372434146636649 -0.5727584068589211 -0.4894151225942019 0.6916461321730341 0.6596907259812945 -0.4226750265890884 -0.6577218189723292 -0.8937393439927068 -1.119266243010208 -1.625290124228769 1.504205423469997 1.386623987085412 0.9012679298020246 0.5453009351909737 0.8354500868821985 -0.5682316040381233 0.4278546203997462 -0.6005531302712573 -1.056994548370646 0.05415115522097198 -1.038001404128734 0.8829781085582853
 0.2859907449450683 2.268022314077243 -0.01088725708663755 -1.334012037054731 -0.7385844918573109 1.229735759636236 0.0811541046586246 0.6193475041448946 -1.179614455037733 2.130452902280667 0.3211873639609916 -0.04187769341098372 0.1010124743733629 0.4163243503226659 0.6835399375214051 -0.1488678881017207 1.024801306922488 -1.060077267819874 -0.2163245351428062 1.148957019139636 -0.3986528506430579 1.273042644048517 0.4386789022873928 -1.433743829956711 0.4792363835719466 1.041700630647618 0.5173042141617908 0.652990088951355 -0.2152622712552482 0.6928292083936231 0.04075030479778857 -0.2799772558865439 -2.090328194504487 -0.9226644282820708 -1.216273413440365 -0.3934107649451078 -0.0823901730547571 -0.8504568475904991 -0.1004076303217814 2.070511388254982 0.7132228303381889 -0.453346197894845 0.6566396360987715 -1.707196258015507 0.6327514884456432 -2.089473748957623 0.324823833088284 1.563241969415152 -0.2701307433096896 2.114132860473796
 0.5792987724079413 0.9505941955402554 0.5773785047250084 0.474212516757653 0.4873306521616579 -0.8021295077913275 -0.968022562788714 0.7053172424883581 0.2991308315746379 1.117334923747023 0.2530038322591181 -0.5800982121266489 -1.11412474799473 0.5897683983682791 1.811288519936443 -0.4726534065253524 0.3719802799743949 -0.2628324346207968 -0.9949395038791665 -0.7586159801767579 2.139729733591828 0.2057019155840523 0.9878018645719265 -1.512063404265141 0.8912572258854266 0.6301414431448584 0.636143405725023 0.2800786706757735 -0.9668620046689758 -0.4301916788771403 -0.07948100139751882 -0.08556299400711131 0.8217706169564946 0.4909891867389036 0.01980343328348349 0.6709366236064358 0.09894306455351554 0.3113731641185479 0.1933264268637896 0.7529575401231312 0.7200098184985152 2.066180350632059 0.5413616780685012 1.579723568846288 -0.349442753068938 -1.82154281688957 0.1958000129065713 0.8053939554904809 0.3567015000993856 0.5638123875991055
 -0.4762839845986574 -2.033037660134381 -0.2191288809542672 1.222170114715168 0.5511484749529266 -0.1968755650231623 1.32271919619399 1.839788224518513 -0.6652657090091638 0.651220237247174 0.9188711974338469 1.312620777780861 0.1297974342710485 -0.03230837012120496 0.5423683072230516 -1.032560223294345 -0.793258383555141 -0.02025339838695783 0.06782157597798349 0.6105062162816486 -1.665065814122593 -0.6721727025874659 1.425712792750819 1.046076252899791 1.278768362881747 -1.889829276936655 -1.17254485950534 -0.06641984739983557 -0.8121224133046122 -0.3739415474091656 0.9926933085987732 1.644933415543673 -1.333873213838051 0.4588288712173335 -0.1093425902361791 -0.398607220431942 0.7550150023241621 -0.6895723003841945 -0.7427242608781944 -0.2008295727886481 0.2402235090724634 -0.8169281458852911 -1.349798099301816 0.5161650788624005 -1.175223369402409 -1.845332993563152 -0.7320216780885066 -1.446692769845856 1.507005993933386 2.108016834062105
 -1.386299601723913 -0.3354855383053539 -2.163949025054678 -0.187812004962725 0.8866619703742823 0.4726342893451809 1.26234546548542 0.1847215459266469 -0.3695617211958742 -1.51562454329464 1.268429424106622 -0.3056719077550826 -0.599623816713995 0.3177236206130622 0.4809522623091532 -0.8739288698874348 0.1675869425820045 -0.3249416020984125 -0.7321365659465892 -1.012868881500346 -0.1050679899596097 -0.197735479164493 0.7484609162425951 -1.021524599070111 0.3105859357786104 0.1501592912317055 0.8198808383176361 -1.264190773395881 0.4525320944547604 0.3250065306984596 0.5196488076320068 0.8863160404701516 -0.1711953656634304 1.828980979569399 0.8723445478456265 0.8695504159194617 -1.544554676834301 -1.172853941976493 -0.1433566630280015 0.4679821069135679 -0.2319347609874102 0.3834496567460774 -0.2064110848867943 0.9551088089984298 0.2296362775690143 1.119851448765306 -1.030534048895635 0.214744356466429 -0.8548682488891334 0.0512091551695515
 -0.1750950758015233 -0.06503339657828801 -0.274752059502623 -0.3325576100163031 0.7338648560864767 -0.04351982337912653 -1.007283088748221 1.275913577780073 1.589973217368958 0.76467345688809 -0.6602642059931176 0.09427421093205562 0.6373172563228717 0.4542288599458015 -0.3624230951558807 0.2040558150190124 0.9169497561601158 0.8950874874919472 -2.043593421691822 -0.03214197717144181 -0.5671211289186577 -0.2906678860482278 1.642747344441099 -0.3762338152091771 -0.36783694946964 0.593858637059573 -1.35200842966497 -0.3604276708315693 0.9692588564887695 0.3894525191093381 0.9084993286937394 -0.5684683893541024 0.006778327183063569 -0.4925464333071706 1.171697201851747 1.203888196487408 1.168466066449186 -1.420523586941803 0.3921367166163678 -0.5912288520486156 0.4008987812810488 0.8971376281910015 -1.087714985301572 1.403845646085332 0.2604825952172963 -1.062607354760658 1.358419532396148 -0.5075251163563512 0.5710193316511547 -0.4655200629171338
 -0.4995776547967472 -3.311266305335213 1.08981947542565 -0.3285480692310471 -0.621767614582227 -0.6406018211742168 -0.09438834395450463 1.641116660159803 -0.48716454545361 0.1907116256461042 -1.663295339641374 -0.8874685216548891 -0.7863898234034093 -0.2767613820841662 0.3866885035552981 1.222293115524308 -0.7838301530173888 0.1136888470268631 0.3301963063738474 -2.096683539527568 -1.539109879509932 -0.7687724810450712 0.32406101553784 1.922824050422176 -1.25277525524031 0.2724420993269108 -0.01954503592207418 -0.259219825626565 -1.723057103522653 -2.409778029616906 -0.182782330451639 0.2875206269347623 -1.297971003167913 -0.9238507494801641 1.238286200031188 0.7768877324063159 -2.057948785132766 -0.5520155620318768 -0.7449670329565033 0.1659867893687451 0.6756261141830769 0.5136466803766967 0.0465025260177467 0.5663171196455564 1.113590411075465 -1.594937096389551 -0.4604146829031879 0.1175047188178634 0.3644974640644482 -0.9758696666829227
 0.8973084562539367 1.438124332106756 1.981901936088514 -0.3761373695246312 -0.3347606113865001 -0.2873474765010701 0.683870783509809 0.2371233353937554 -0.4589303570893783 1.441493080704705 1.979396095957129 1.350682233168396 -1.829372546572898 -1.506994161471547 -1.113390538734854 0.333354934255232 0.2651828172546115 -1.240514806277137 -0.7746800196333091 0.08045270961444669 -0.2610850110011232 -0.3521748545818642 -1.085364486145778 -0.4001249644681702 -1.063859123079433 0.08484799547519949 0.2525923605631011 -2.281463198034236 -1.572701658162588 -0.8869635927574357 -1.698362603774019 1.667524060074626 -1.931383849967501 -0.3309896827229443 -1.490596497224984 0.2079522205244596 -0.2209387248305322 -0.02358664357221036 -0.3893278615218598 0.7973471213671616 1.946658743147974 -0.3053924164774697 -0.01946924232921008 -0.3713448473274584 0.6042646508883391 1.698782508189296 -0.3728074128442452 0.4989329091950534 -0.5295208423636393 1.812087128124252
 -2.447468602039164 0.3393059778745403 -1.374913789054647 -1.641827491630699 -0.7039038856040977 1.481988385924591 -0.2349129695496331 1.139107534317001 -0.3520149067437746 0.4012125069059879 1.39940011681271 -1.29615586717262 -0.6514560683510334 -0.776442325678988 1.115274277072651 0.797797263174585 0.9949849212532793 -0.5363066766040199 0.5700293458291752 -0.2644938625722713 1.388966680122912 0.7247805420226169 2.652271818848779 -0.754431950486526 0.3634495814856548 0.1467075836842593 0.4019651546820281 -0.1180452146995804 1.550984341698648 1.442376333120649 1.355746805740167 -0.3704663232617183 0.3840578813509988 1.337269599032883 1.073842078638876 1.049211982401181 1.363312844836806 0.558363663828969 -0.6877084843111262 -0.3125287553777531 0.1771611758554109 2.120011529718619 1.959673045205647 2.398333005133956 -0.2447351141654315 -0.3406371758561733 0.9866193884075954 1.899118886159762 -0.2216866957022696 0.7825277671287267
 -0.8800566735365065 0.672398214426928 -0.6873938538540049 -0.250781548278749 -0.5411889085891788 1.327889738936151 -0.1784956033063382 -0.2251905403878437 -0.9914494575884653 -1.357440298381885 -0.155374280276247 0.3719809746268098 -0.1057349312591514 -0.8666400541950448 3.763135524895881 -0.855639486550846 -0.2840542801280035 -0.2882339485030021 0.2396764859414629 -1.178491027651727 0.4716738011663289 1.38626010253406 0.427720224750872 -1.025496574393518 1.159111144572305 0.1754920594635357 2.402174599461838 0.6043470737946378 -0.381303447424487 0.4211229954427035 -1.39573236452487 0.4109571764492016 -0.1040939731771176 0.3545407808601608 -1.714214632076535 -1.453019729325336 0.1799041576751755 -0.3596762745103466 -0.3916131979806213 0.8254214611897294 -0.1800296982948082 -0.205956759065496 0.2136232556262166 1.617546507052741 -1.944746417682448 0.292331166379474 -0.4356276418064808 0.6642317926344989 -0.3077025709920516 0.7435187852186159
 0.1023732780687701 -1.731541196965231 1.308649049913411 -0.3957033762231758 -1.820983406139092 -0.618353912239812 -0.7327430481856263 1.608355896792618 -1.130867322530666 -0.5767812343353222 -0.2686401053699929 1.530200221120921 -0.8783727610870876 1.425478018585629 -1.001465986143785 0.2548307361274511 -0.1044230315647676 -0.5392002403337257 1.211686239037143 -0.8329539379622849 0.2475039328350837 -1.952577192479879 0.7386334079594783 1.357425363719064 -0.4460435885789364 -1.255754691401737 0.04274411075246506 -0.4401532578675305 -0.6570139947856586 -0.4294514563991553 0.4441001285321599 -0.7281083059614918 2.332601847346675 -0.4363843832739231 0.5187428103215588 0.4904296514386979 1.509288539593198 -1.722505563838733 -0.948701233864216 0.9634070774063611 -1.950650791533933 -0.9292677022883031 0.226905808971465 1.512544459590613 -2.255044470112996 1.488292668725635 -1.235649058915485 -0.6827866788113116 -0.2473053484038798 -1.694297296763535
 -0.4452634791355744 2.499822143617805 0.8521418400751777 -0.4937140982782812 0.8108120132290627 0.3480572646956019 1.323671349682048 -0.9881930161778506 -0.2849807919875101 -0.5761947582296141 0.2589445292218583 -2.113687491001665 0.05173041193602088 0.6739020369105858 -1.120163478595316 0.7499842064027434 -0.2637503667401621 1.94409799040886 1.159714533705365 -1.666599699489577 0.9213045570973574 0.9104378448527237 -0.6778809500111747 -0.604906893089759 0.3007860044423765 0.5677157913592571 0.09859563551290125 0.3222574150475289 -0.5024248772248984 2.211234727266359 -0.3484775528740113 1.643623138749245 -0.2957050802854382 0.5029056105302104 -2.652690563894889 2.558520309533752 -0.2021119244322173 -0.756714679711141 -1.087464959667052 0.5514232689690874 0.6206140426606291 0.2059525688716307 -0.03725824186054284 -0.367777980004409 -0.2367702234040203 -1.408973117317971 -1.940302045307592 -1.220190066262511 0.3314171328541981 -0.327658577521832
 -1.146167734391326 0.2417491589151205 -0.9781052352840824 0.4527841530284862 0.6094017200932161 -0.5074373625856504 -1.310274338881235 -1.344018625996071 -0.5062096509712842 -1.416399112218545 1.363125071854656 -2.150122825416003 1.315278344880868 1.647711516003137 -0.1624712255347173 1.250597275835632 0.4377155001678366 1.131364328770046 1.096021173685462 -0.1725055175538508 -0.00861996052137219 -0.6862978704133712 -1.564481947610843 -0.512613975612016 -0.5071180934270941 0.6498830229707546 -0.2477028052013163 0.4088364950680359 -0.1620688147230045 1.319460674254527 1.113926823284469 0.3501211771437808 0.9852325552141755 1.39118745781887 0.04155736793457748 -0.423315722418886 -0.2938074309627169 -0.9447138171364458 0.9832944037028388 1.155784409183819 1.111687401357369 0.4397112121341673 1.09504768351709 0.4056253121508099 -0.1100561778655633 -0.1891438156715472 0.9055876157980265 -1.236394392981409 -1.546876008006494 0.6134405641088032
 -0.2182732135734097 0.1806259035532721 0.8596121801178978 -0.2438293697527655 -0.9251149044802737 -0.2455781205099007 1.03900539444382 -1.848325423078562 -0.5056509431061159 1.03921442060675 0.2123440638446585 -0.7847887295631253 -0.9322939610096678 0.5355272199223907 -0.3262114543009417 -1.956477166631597 -2.598480764561117 1.055102816207503 -0.2341194326064301 1.821275986513435 -0.2650691310285809 0.3512080387530918 -1.882707082690156 0.8774788860607551 -1.067064006732981 0.7962085220481878 -0.3741084974875814 -1.623342598483509 -0.8314956801873198 -0.855238826207797 0.7259798470651895 -1.714567905944681 -0.3540623126584374 0.1381479215619134 0.6957359980422746 1.562827691783759 0.7266131211451922 -1.625049552168378 0.7700387388402661 1.015200279871315 -0.18902641967283 -1.219475571704482 -0.7786916467947689 -0.008526936952636621 -1.711708856126329 -0.5982022939282403 0.3582180781920969 -0.1627581542149576 1.664825749790715 -0.4939747082923275
 -0.9714743343629709 -0.1925102773783053 1.743553475890216 0.6581529054392171 -0.8132518451203595 0.5559943972574569 1.024035539681654 -0.3604900336467822 -0.9902287894543768 0.5406993569859806 1.52850497082477 1.034576792454631 -1.096029411518466 -1.210591294015492 0.7908007701704145 0.06226260665248791 -1.247499521960427 -0.5026848447978202 -0.4504698010927126 1.668609018995688 0.8429390883281247 -0.8634697570989094 2.182690169491844 2.65910778588112 0.5573936389021025 0.4603250934728971 -0.2724305238999126 -0.902563057413734 -0.2851551978901209 -0.5188756611406085 1.153446779724374 -0.4818886287220533 1.265243267928934 0.4624586773450055 -0.197619092349701 0.2058399722054343 0.986655792569491 1.303505480785901 1.786364534329902 -0.2583152719012114 0.03761829622929544 0.1112828450756472 -3.183804808580756 -0.9335669779170075 0.09781896573017228 -0.3942194992791807 -1.302225785637839 -0.5023890283376048 0.9567502424773048 -0.4007074039096222
 -1.707504283160247 -0.009481155654132425 -0.3666970027177494 0.5004527058431638 -1.130415840456523 0.9005962540354077 0.0337318619972231 1.439092866133511 -0.6547885492259748 0.06909859500423518 -0.008250025497273552 0.7630137375469799 0.5307092956011848 -0.7621042614103989 1.747084972966537 -1.870954513587741 0.2104001480562365 0.2012487058868896 0.7180011990105325 -0.7440650746696199 2.102445898756258 0.821852582319495 -0.5474942944058391 1.019988688794454 -0.8032749688597614 -0.5493254167215658 0.2478777686177662 0.7017742398509591 -0.4600232327415275 0.009479058932005706 0.6843877091452614 1.855600693110609 0.09007543681318107 0.1710601617783234 -0.1398650715776875 -0.4667771171456541 0.1173948812753533 -0.04574247999229822 2.357773413105727 -0.3547186839228098 -1.904547860538065 -0.3636581401879108 1.367863828502367 -0.2996393536663666 0.8524935446391004 -0.3508938992302307 -2.492880817682168 -0.5579521675649296 -0.1445581777393724 0.4225588358442456